30
30
45
45
45
45
45
45
45
60
60
60
60
60
60
60
60
60
60
60
60
75
75
75
75
75
75
75
75
75
75
75
75
75
90
90
90
90
90
90
90
105
105
105
105
105
105
120
120
120
120
120
120
120
120
120
120
120
120
135
135
135
135
135
135
135
135
135
135
135
135
150
150
150
150
150
150
150
165
165
165
180
180
180
180
180
195
195
195
195
195
195
195
195
195
195
210
210
210
210
210
210
210
210
210
210
210
210
210
210
225
225
225
225
225
225
225
225
225
225
225
240
240
240
240
240
240
240
255
255
255
255
255
255
255
255
255
255
255
255
255
270
270
270
270
270
270
270
270
270
270
270
270
270
285
285
285
285
285
285
285
285
300
300
300
345
345
345
345
345
345
345
345
345
345
345
345
345
345
345
345
360
360
360
360
360
360
360
360
360
360
360
360
360
360
360
360
375
375
375
375
375
375
375
375
375
375
375
375
375
375
375
375
405
405
405
405
405
405
405
420
420
420
420
420
420
420
420
420
420
420
435
435
435
435
435
435
435
435
435
435
435
435
435
450
450
450
450
450
450
450
450
450
450
465
465
465
465
465
465
465
465
480
480
480
480
480
480
480
480
495
495
495
495
495
495
495
495
495
495
495
495
495
510
510
510
510
510
510
510
510
510
510
510
510
510
525
525
525
525
525
525
525
525
555
555
555
570
570
570
570
570
570
570
570
585
585
585
585
585
585
585
585
585
585
585
585
585
600
600
600
600
600
600
600
600
600
600
600
600
600
615
615
615
615
615
615
615
630
630
630
630
630
630
630
630
630
630
630
645
645
645
645
645
645
645
645
645
645
645
645
645
645
660
660
660
660
660
660
660
660
660
660
675
675
675
675
675
720
720
720
720
720
720
720
720
720
720
720
720
720
720
720
720
735
735
735
735
735
735
735
735
735
735
735
735
735
735
735
735
750
750
750
750
750
750
750
750
750
750
750
750
750
750
750
750
765
765
780
780
795
795
840
840
840
840
855
855
855
855
855
855
855
855
855
870
870
870
870
870
870
870
870
870
870
870
870
870
870
885
885
885
885
885
885
885
885
885
885
885
885
900
900
900
900
900
900
915
915
915
915
915
915
915
915
915
915
915
915
930
930
930
930
930
930
930
930
930
930
930
930
930
930
930
945
945
945
945
945
945
945
945
945
945
960
960
960
960
960
