14
14
28
42
56
70
84
14
28
42
56
70
84
98
112
126
140
154
28
42
56
70
84
98
112
126
140
154
168
182
196
210
224
112
126
140
154
168
182
196
210
224
238
196
210
224
238
126
140
154
168
182
196
210
224
238
42
56
70
84
98
112
126
140
154
168
182
196
210
224
238
14
28
42
56
70
84
98
112
126
140
154
168
14
28
42
56
70
84
98
14
28
238
168
182
196
210
224
238
98
112
126
140
154
168
182
196
210
224
238
28
42
56
70
84
98
112
126
140
154
168
182
196
210
224
14
28
42
56
70
84
98
112
126
140
182
196
210
14
28
42
56
70
182
196
210
14
28
42
56
70
84
98
112
126
140
154
182
196
210
28
42
56
70
84
98
112
126
140
154
168
182
196
210
224
238
98
112
126
140
154
168
182
196
210
224
238
168
182
196
210
224
238
238
14
28
42
56
70
84
98
112
126
140
154
168
182
196
210
224
238
252
14
28
42
56
70
84
98
112
126
140
154
168
182
196
210
224
238
252
14
28
42
56
70
84
98
112
126
140
154
168
182
196
210
224
238
252
42
56
70
84
182
196
210
28
42
56
70
84
98
112
182
196
210
224
238
14
28
42
56
70
84
98
112
126
182
196
210
224
238
14
28
42
84
98
112
126
210
224
238
252
14
28
112
126
140
224
238
252
14
28
112
126
140
154
224
238
252
14
28
42
56
70
126
140
154
168
182
196
210
224
238
14
28
42
56
70
140
154
168
182
196
210
224
238
28
42
56
70
154
168
182
196
210
224
182
196
182
196
210
224
238
112
126
140
154
168
182
196
210
224
238
42
56
70
84
98
112
126
140
154
168
182
196
210
224
238
14
28
42
56
70
84
98
112
126
140
154
182
196
210
14
28
42
56
70
182
196
210
14
28
42
56
70
84
98
112
126
182
196
210
14
28
42
56
70
84
98
112
126
140
154
168
182
196
210
84
98
112
126
140
154
168
182
196
210
224
238
154
168
182
196
210
224
238
224
238
14
28
42
56
70
84
98
112
126
140
154
168
182
196
210
224
238
14
28
42
56
70
84
98
112
126
140
154
168
182
196
210
224
238
252
14
28
42
56
70
84
98
112
126
140
154
168
182
196
210
224
238
252
14
28
42
56
70
84
98
112
126
140
154
168
182
196
210
224
238
252
224
238
224
238
252
224
238
252
196
210
224
238
126
140
154
168
182
196
210
224
238
56
70
84
98
112
126
140
154
168
182
196
210
224
238
14
28
42
56
70
84
98
112
126
140
154
168
182
196
210
14
28
42
56
70
84
182
196
210
14
28
42
56
70
84
98
112
182
196
210
14
28
42
56
70
84
98
112
126
140
154
168
182
196
210
70
84
98
112
126
140
154
168
182
196
210
224
238
252
140
154
168
182
196
210
224
238
252
224
238
252
