384
396
384
396
408
420
432
444
456
384
396
408
420
432
444
456
468
480
492
504
516
384
396
408
420
432
444
456
468
480
492
504
516
528
540
552
564
576
420
432
444
456
468
480
492
504
516
528
540
552
564
576
588
600
612
624
636
480
492
504
516
528
540
552
564
576
588
600
612
624
636
648
660
672
684
696
552
564
576
588
600
612
624
636
648
660
672
684
696
624
636
648
660
672
684
696
624
636
648
660
672
684
696
552
564
576
588
600
612
624
636
648
660
672
684
696
492
504
516
528
540
552
564
576
588
600
612
624
636
648
660
672
684
696
420
432
444
456
468
480
492
504
516
528
540
552
564
576
588
600
612
624
636
384
396
408
420
432
444
456
468
480
492
504
516
528
540
552
564
576
384
396
408
420
432
444
456
468
480
492
504
516
384
396
408
420
432
444
456
384
396
672
684
696
612
624
636
648
660
672
684
696
552
564
576
588
600
612
624
636
648
660
672
684
696
492
504
516
528
540
552
564
576
588
600
612
624
636
648
660
672
684
696
432
444
456
468
480
492
504
516
528
540
552
564
576
588
600
612
624
636
648
384
396
408
420
432
444
456
468
480
492
504
516
528
540
552
564
576
624
636
648
384
396
408
420
432
444
456
468
480
492
504
624
636
648
384
396
408
420
432
444
456
624
636
648
384
396
408
420
432
444
456
468
480
624
636
648
384
396
408
420
432
444
456
468
480
492
504
516
528
540
552
624
636
648
408
420
432
444
456
468
480
492
504
516
528
540
552
564
576
588
600
612
624
636
648
468
480
492
504
516
528
540
552
564
576
588
600
612
624
636
648
660
672
684
528
540
552
564
576
588
600
612
624
636
648
660
672
684
696
588
600
612
624
636
648
660
672
684
696
648
660
672
684
696
384
396
408
420
432
444
456
468
480
492
504
516
528
540
552
564
576
588
600
612
624
636
648
660
672
684
696
384
396
408
420
432
444
456
468
480
492
504
516
528
540
552
564
576
588
600
612
624
636
648
660
672
684
696
384
396
408
420
432
444
456
468
480
492
504
516
528
540
552
564
576
588
600
612
624
636
648
660
672
684
696
384
396
408
420
432
444
456
468
480
492
504
516
528
540
552
564
576
588
600
612
624
636
648
660
672
684
696
420
432
444
456
468
480
492
612
624
636
648
660
408
420
432
444
456
468
480
492
504
516
612
624
636
648
660
672
396
408
420
432
444
456
468
480
492
504
516
612
624
636
648
660
672
684
384
396
408
420
432
444
456
468
480
492
504
516
528
612
624
636
648
660
672
684
696
384
396
408
420
492
504
516
528
540
648
660
672
684
696
384
396
408
504
516
528
540
552
672
684
696
384
396
408
516
528
540
552
672
684
696
384
396
408
528
540
552
564
672
684
696
384
396
408
528
540
552
564
576
672
684
696
384
396
408
420
432
444
456
540
552
564
576
588
600
648
660
672
684
696
384
396
408
420
432
444
456
552
564
576
588
600
612
624
636
648
660
672
684
696
396
408
420
432
444
456
564
576
588
600
612
624
636
648
660
672
684
408
420
432
444
456
576
588
600
612
624
636
648
660
672
432
444
456
588
600
612
624
636
648
684
696
624
636
648
660
672
684
696
564
576
588
600
612
624
636
648
660
672
684
696
504
516
528
540
552
564
576
588
600
612
624
636
648
660
672
684
696
444
456
468
480
492
504
516
528
540
552
564
576
588
600
612
624
636
648
660
672
384
396
408
420
432
444
456
468
480
492
504
516
528
540
552
564
576
588
624
636
648
384
396
408
420
432
444
456
468
480
492
504
516
624
636
648
384
396
408
420
432
444
456
624
636
648
384
396
408
420
432
444
456
468
624
636
648
384
396
408
420
432
444
456
468
480
492
504
516
528
540
624
636
648
384
396
408
420
432
444
456
468
480
492
504
516
528
540
552
564
576
588
600
612
624
636
648
444
456
468
480
492
504
516
528
540
552
564
576
588
600
612
624
636
648
660
504
516
528
540
552
564
576
588
600
612
624
636
648
660
672
684
696
564
576
588
600
612
624
636
648
660
672
684
696
624
636
648
660
672
684
696
684
696
384
396
408
420
432
444
456
468
480
492
504
516
528
540
552
564
576
588
600
612
624
636
648
660
672
684
696
384
396
408
420
432
444
456
468
480
492
504
516
528
540
552
564
576
588
600
612
624
636
648
660
672
684
696
384
396
408
420
432
444
456
468
480
492
504
516
528
540
552
564
576
588
600
612
624
636
648
660
672
684
696
384
396
408
420
432
444
456
468
480
492
504
516
528
540
552
564
576
588
600
612
624
636
648
660
672
684
696
660
672
684
696
660
672
684
696
660
672
684
696
660
672
684
696
660
672
684
696
660
672
684
696
696
636
648
660
672
684
696
576
588
600
612
624
636
648
660
672
684
696
516
528
540
552
564
576
588
600
612
624
636
648
660
672
684
696
456
468
480
492
504
516
528
540
552
564
576
588
600
612
624
636
648
660
672
396
408
420
432
444
456
468
480
492
504
516
528
540
552
564
576
588
600
624
636
648
384
396
408
420
432
444
456
468
480
492
504
516
528
624
636
648
384
396
408
420
432
444
456
624
636
648
384
396
408
420
432
444
456
624
636
648
384
396
408
420
432
444
456
468
480
492
504
516
528
624
636
648
384
396
408
420
432
444
456
468
480
492
504
516
528
540
552
564
576
588
600
624
636
648
444
456
468
480
492
504
516
528
540
552
564
576
588
600
612
624
636
648
660
504
516
528
540
552
564
576
588
600
612
624
636
648
660
672
684
696
564
576
588
600
612
624
636
648
660
672
684
696
624
636
648
660
672
684
696
684
696