33
33
33
44
44
44
44
44
44
44
44
55
55
55
55
55
55
55
55
55
55
55
55
55
66
66
66
66
66
66
66
66
66
66
66
66
66
66
66
66
66
66
77
77
77
77
77
77
77
77
77
77
77
77
77
77
77
77
77
77
77
88
88
88
88
88
88
88
88
88
88
88
88
88
88
99
99
99
99
99
99
99
99
99
110
110
110
110
110
110
110
110
110
110
110
110
110
110
121
121
121
121
121
121
121
121
121
121
121
121
121
121
121
121
121
121
121
132
132
132
132
132
132
132
132
132
132
132
132
132
132
132
132
132
132
143
143
143
143
143
143
143
143
143
143
143
143
143
154
154
154
154
154
154
154
154
165
165
165