385
396
407
385
396
407
418
429
440
451
462
385
396
407
418
429
440
451
462
473
484
495
506
517
396
407
418
429
440
451
462
473
484
495
506
517
528
539
550
561
572
451
462
473
484
495
506
517
528
539
550
561
572
583
594
605
616
627
517
528
539
550
561
572
583
594
605
616
627
638
649
660
671
682
583
594
605
616
627
638
649
660
671
682
693
638
649
660
671
682
693
638
649
660
671
682
693
605
616
627
638
649
660
671
682
693
539
550
561
572
583
594
605
616
627
638
649
660
671
682
693
473
484
495
506
517
528
539
550
561
572
583
594
605
616
627
638
407
418
429
440
451
462
473
484
495
506
517
528
539
550
561
572
583
385
396
407
418
429
440
451
462
473
484
495
506
517
528
385
396
407
418
429
440
451
462
473
385
396
407
418
693
638
649
660
671
682
693
583
594
605
616
627
638
649
660
671
682
693
528
539
550
561
572
583
594
605
616
627
638
649
660
671
682
693
473
484
495
506
517
528
539
550
561
572
583
594
605
616
627
638
418
429
440
451
462
473
484
495
506
517
528
539
550
561
572
627
638
385
396
407
418
429
440
451
462
473
484
495
506
627
638
385
396
407
418
429
440
451
627
638
385
396
407
418
429
440
451
627
638
385
396
407
418
429
440
451
462
473
627
638
385
396
407
418
429
440
451
462
473
484
495
506
517
528
539
627
638
440
451
462
473
484
495
506
517
528
539
550
561
572
583
594
605
627
638
495
506
517
528
539
550
561
572
583
594
605
616
627
638
649
660
550
561
572
583
594
605
616
627
638
649
660
671
682
693
605
616
627
638
649
660
671
682
693
660
671
682
693
385
396
407
418
429
440
451
462
473
484
495
506
517
528
539
550
561
572
583
594
605
616
627
638
649
660
671
682
693
385
396
407
418
429
440
451
462
473
484
495
506
517
528
539
550
561
572
583
594
605
616
627
638
649
660
671
682
693
385
396
407
418
429
440
451
462
473
484
495
506
517
528
539
550
561
572
583
594
605
616
627
638
649
660
671
682
693
385
396
407
418
429
440
451
462
473
484
495
506
517
528
539
550
561
572
583
594
605
616
627
638
649
660
671
682
693
418
429
440
451
462
473
484
495
616
627
638
649
660
407
418
429
440
451
462
473
484
495
506
616
627
638
649
660
671
396
407
418
429
440
451
462
473
484
495
506
517
616
627
638
649
660
671
682
396
407
418
429
473
484
495
506
517
528
616
627
638
649
660
671
682
693
385
396
407
495
506
517
528
539
671
682
693
385
396
407
506
517
528
539
671
682
693
385
396
407
517
528
539
550
682
693
385
396
407
528
539
550
561
682
693
385
396
407
539
550
561
572
671
682
693
385
396
407
418
550
561
572
583
660
671
682
693
396
407
418
429
440
451
550
561
572
583
594
605
616
627
638
649
660
671
682
693
396
407
418
429
440
451
561
572
583
594
605
616
627
638
649
660
671
682
407
418
429
440
451
572
583
594
605
616
627
638
649
660
671
429
440
451
583
594
605
616
627
638
649
660
649
660
671
682
693
594
605
616
627
638
649
660
671
682
693
539
550
561
572
583
594
605
616
627
638
649
660
671
682
693
484
495
506
517
528
539
550
561
572
583
594
605
616
627
638
649
429
440
451
462
473
484
495
506
517
528
539
550
561
572
583
627
638
385
396
407
418
429
440
451
462
473
484
495
506
517
627
638
385
396
407
418
429
440
451
627
638
385
396
407
418
429
440
451
627
638
385
396
407
418
429
440
451
462
627
638
385
396
407
418
429
440
451
462
473
484
495
506
517
528
627
638
429
440
451
462
473
484
495
506
517
528
539
550
561
572
583
594
627
638
484
495
506
517
528
539
550
561
572
583
594
605
616
627
638
649
539
550
561
572
583
594
605
616
627
638
649
660
671
682
693
594
605
616
627
638
649
660
671
682
693
649
660
671
682
693
385
396
407
418
429
440
451
462
473
484
495
506
517
528
539
550
561
572
583
594
605
616
627
638
649
660
671
682
693
385
396
407
418
429
440
451
462
473
484
495
506
517
528
539
550
561
572
583
594
605
616
627
638
649
660
671
682
693
385
396
407
418
429
440
451
462
473
484
495
506
517
528
539
550
561
572
583
594
605
616
627
638
649
660
671
682
693
385
396
407
418
429
440
451
462
473
484
495
506
517
528
539
550
561
572
583
594
605
616
627
638
649
660
671
682
693
671
682
693
671
682
693
671
682
693
671
682
693
671
682
693
671
682
693
649
660
671
682
693
594
605
616
627
638
649
660
671
682
693
539
550
561
572
583
594
605
616
627
638
649
660
671
682
693
484
495
506
517
528
539
550
561
572
583
594
605
616
627
638
649
429
440
451
462
473
484
495
506
517
528
539
550
561
572
583
627
638
385
396
407
418
429
440
451
462
473
484
495
506
517
627
638
385
396
407
418
429
440
451
627
638
385
396
407
418
429
440
451
627
638
385
396
407
418
429
440
451
462
627
638
385
396
407
418
429
440
451
462
473
484
495
506
517
528
627
638
429
440
451
462
473
484
495
506
517
528
539
550
561
572
583
594
627
638
484
495
506
517
528
539
550
561
572
583
594
605
616
627
638
649
539
550
561
572
583
594
605
616
627
638
649
660
671
682
693
594
605
616
627
638
649
660
671
682
693
649
660
671
682
693