12
24
36
48
60
12
24
36
48
60
72
84
96
108
120
12
24
36
48
60
72
84
96
108
120
132
144
156
168
180
36
48
60
72
84
96
108
120
132
144
156
168
180
192
204
216
228
240
108
120
132
144
156
168
180
192
204
216
228
240
180
192
204
216
228
240
144
156
168
180
192
204
216
228
240
72
84
96
108
120
132
144
156
168
180
192
204
216
228
240
12
24
36
48
60
72
84
96
108
120
132
144
156
168
180
192
204
12
24
36
48
60
72
84
96
108
120
132
144
12
24
36
48
60
72
84
12
24
228
240
168
180
192
204
216
228
240
108
120
132
144
156
168
180
192
204
216
228
240
48
60
72
84
96
108
120
132
144
156
168
180
192
204
216
228
240
12
24
36
48
60
72
84
96
108
120
132
144
156
168
180
192
204
12
24
36
48
60
72
84
96
108
120
192
204
12
24
36
48
60
72
84
192
204
12
24
36
48
60
72
84
96
108
120
132
144
156
192
204
24
36
48
60
72
84
96
108
120
132
144
156
168
180
192
204
216
84
96
108
120
132
144
156
168
180
192
204
216
228
240
144
156
168
180
192
204
216
228
240
204
216
228
240
12
24
36
48
60
72
84
96
108
120
132
144
156
168
180
192
204
216
228
240
252
12
24
36
48
60
72
84
96
108
120
132
144
156
168
180
192
204
216
228
240
252
12
24
36
48
60
72
84
96
108
120
132
144
156
168
180
192
204
216
228
240
252
12
24
36
48
60
72
84
96
108
120
132
144
156
168
180
192
204
216
228
240
252
36
48
60
72
84
96
180
192
204
216
24
36
48
60
72
84
96
108
180
192
204
216
228
240
24
36
48
60
72
84
96
108
120
180
192
204
216
228
240
12
24
36
48
60
72
84
96
108
120
132
180
192
204
216
228
240
252
12
24
36
96
108
120
132
144
228
240
252
12
24
36
108
120
132
144
228
240
252
12
24
36
120
132
144
156
216
228
240
252
12
24
36
48
60
72
132
144
156
168
180
192
204
216
228
240
12
24
36
48
60
72
132
144
156
168
180
192
204
216
228
240
24
36
48
60
72
144
156
168
180
192
204
216
228
48
60
72
168
180
192
204
216
216
228
240
156
168
180
192
204
216
228
240
96
108
120
132
144
156
168
180
192
204
216
228
240
36
48
60
72
84
96
108
120
132
144
156
168
180
192
204
216
228
240
12
24
36
48
60
72
84
96
108
120
132
144
156
168
192
204
12
24
36
48
60
72
84
96
192
204
12
24
36
48
60
72
84
96
192
204
12
24
36
48
60
72
84
96
108
120
132
144
156
168
192
204
36
48
60
72
84
96
108
120
132
144
156
168
180
192
204
216
228
240
96
108
120
132
144
156
168
180
192
204
216
228
240
156
168
180
192
204
216
228
240
216
228
240
12
24
36
48
60
72
84
96
108
120
132
144
156
168
180
192
204
216
228
240
252
12
24
36
48
60
72
84
96
108
120
132
144
156
168
180
192
204
216
228
240
252
12
24
36
48
60
72
84
96
108
120
132
144
156
168
180
192
204
216
228
240
252
12
24
36
48
60
72
84
96
108
120
132
144
156
168
180
192
204
216
228
240
252
216
228
240
216
228
240
216
228
240
252
216
228
240
252
192
204
216
228
240
132
144
156
168
180
192
204
216
228
240
72
84
96
108
120
132
144
156
168
180
192
204
216
228
240
12
24
36
48
60
72
84
96
108
120
132
144
156
168
180
192
204
12
24
36
48
60
72
84
96
108
120
132
192
204
12
24
36
48
60
72
192
204
12
24
36
48
60
72
84
96
108
120
132
192
204
12
24
36
48
60
72
84
96
108
120
132
144
156
168
180
192
204
60
72
84
96
108
120
132
144
156
168
180
192
204
216
228
240
252
120
132
144
156
168
180
192
204
216
228
240
252
180
192
204
216
228
240
252
252
