324
324
336
336
336
336
336
336
336
348
348
348
348
348
348
348
348
348
348
348
348
360
360
360
360
360
360
360
360
360
360
360
360
360
360
360
360
360
372
372
372
372
372
372
372
372
372
372
372
372
372
372
372
372
372
372
372
384
384
384
384
384
384
384
384
384
384
384
384
384
384
384
384
384
384
384
396
396
396
396
396
396
396
396
396
396
396
396
396
408
408
408
408
408
408
408
420
420
420
420
420
420
420
432
432
432
432
432
432
432
432
432
432
432
432
432
444
444
444
444
444
444
444
444
444
444
444
444
444
444
444
444
444
444
456
456
456
456
456
456
456
456
456
456
456
456
456
456
456
456
456
456
456
468
468
468
468
468
468
468
468
468
468
468
468
468
468
468
468
468
480
480
480
480
480
480
480
480
480
480
480
480
492
492
492
492
492
492
492
504
504
516
516
516
528
528
528
528
528
528
528
528
540
540
540
540
540
540
540
540
540
540
540
540
540
552
552
552
552
552
552
552
552
552
552
552
552
552
552
552
552
552
552
564
564
564
564
564
564
564
564
564
564
564
564
564
564
564
564
564
564
564
576
576
576
576
576
576
576
576
576
576
576
576
576
576
576
576
576
576
576
576
588
588
588
588
588
588
588
588
588
588
588
588
588
588
600
600
600
600
600
600
600
600
600
600
612
612
612
612
612
612
612
612
612
612
612
612
624
624
624
624
624
624
624
624
624
624
624
624
624
624
624
624
624
624
636
636
636
636
636
636
636
636
636
636
636
636
636
636
636
636
636
636
636
636
636
648
648
648
648
648
648
648
648
648
648
648
648
648
648
648
648
648
648
648
660
660
660
660
660
660
660
660
660
660
660
660
660
660
660
672
672
672
672
672
672
672
672
672
672
684
684
684
684
684
744
744
744
744
744
744
744
744
744
744
744
744
744
744
744
744
744
744
744
744
744
744
744
744
744
744
744
756
756
756
756
756
756
756
756
756
756
756
756
756
756
756
756
756
756
756
756
756
756
756
756
756
756
756
768
768
768
768
768
768
768
768
768
768
768
768
768
768
768
768
768
768
768
768
768
768
768
768
768
768
768
780
780
780
780
780
780
780
780
780
780
780
780
780
780
780
780
780
780
780
780
780
780
780
780
780
780
780
840
840
840
840
840
840
840
840
840
840
840
840
852
852
852
852
852
852
852
852
852
852
852
852
852
852
852
852
864
864
864
864
864
864
864
864
864
864
864
864
864
864
864
864
864
864
876
876
876
876
876
876
876
876
876
876
876
876
876
876
876
876
876
876
876
876
876
888
888
888
888
888
888
888
888
888
888
888
888
888
888
900
900
900
900
900
900
900
900
900
900
900
912
912
912
912
912
912
912
912
912
912
924
924
924
924
924
924
924
924
924
924
936
936
936
936
936
936
936
936
936
936
936
948
948
948
948
948
948
948
948
948
948
948
948
948
948
948
948
948
948
960
960
960
960
960
960
960
960
960
960
960
960
960
960
960
960
960
960
960
960
972
972
972
972
972
972
972
972
972
972
972
972
972
972
972
972
972
984
984
984
984
984
984
984
984
984
984
984
984
984
984
996
996
996
996
996
996
996
996
996
1032
1032
1044
1044
1044
1044
1044
1044
1044
1056
1056
1056
1056
1056
1056
1056
1056
1056
1056
1056
1056
1068
1068
1068
1068
1068
1068
1068
1068
1068
1068
1068
1068
1068
1068
1068
1068
1068
1080
1080
1080
1080
1080
1080
1080
1080
1080
1080
1080
1080
1080
1080
1080
1080
1080
1080
1080
1080
1092
1092
1092
1092
1092
1092
1092
1092
1092
1092
1092
1092
1092
1092
1092
1092
1092
1092
1092
1092
1092
1104
1104
1104
1104
1104
1104
1104
1104
1104
1104
1104
1104
1104
1104
1104
1116
1116
1116
1116
1116
1116
1116
1116
1116
1116
1128
1128
1128
1128
1128
1128
1128
1128
1128
1128
1128
1140
1140
1140
1140
1140
1140
1140
1140
1140
1140
1140
1140
1140
1140
1140
1140
1140
1152
1152
1152
1152
1152
1152
1152
1152
1152
1152
1152
1152
1152
1152
1152
1152
1152
1152
1152
1152
1152
1152
1152
1164
1164
1164
1164
1164
1164
1164
1164
1164
1164
1164
1164
1164
1164
1164
1164
1164
1164
1164
1176
1176
1176
1176
1176
1176
1176
1176
1176
1176
1176
1176
1176
1176
1176
1176
1176
1188
1188
1188
1188
1188
1188
1188
1188
1188
1188
1188
1188
1200
1200
1200
1200
1200
1200
1200
1212
1212
1260
1260
1260
1260
1260
1260
1260
1260
1260
1260
1260
1260
1260
1260
1260
1260
1260
1260
1260
1260
1260
1260
1260
1260
1260
1260
1260
1272
1272
1272
1272
1272
1272
1272
1272
1272
1272
1272
1272
1272
1272
1272
1272
1272
1272
1272
1272
1272
1272
1272
1272
1272
1272
1272
1284
1284
1284
1284
1284
1284
1284
1284
1284
1284
1284
1284
1284
1284
1284
1284
1284
1284
1284
1284
1284
1284
1284
1284
1284
1284
1284
1296
1296
1296
1296
1296
1296
1296
1296
1296
1296
1296
1296
1296
1296
1296
1296
1296
1296
1296
1296
1296
1296
1296
1296
1296
1296
1296
1308
1308
1308
1308
1320
1320
1320
1320
1332
1332
1332
1332
1344
1344
1344
1344
1356
1356
1356
1356
1368
1368
1368
1368
1416
1428
1428
1428
1428
1428
1428
1440
1440
1440
1440
1440
1440
1440
1440
1440
1440
1440
1452
1452
1452
1452
1452
1452
1452
1452
1452
1452
1452
1452
1452
1452
1452
1452
1464
1464
1464
1464
1464
1464
1464
1464
1464
1464
1464
1464
1464
1464
1464
1464
1464
1464
1464
1476
1476
1476
1476
1476
1476
1476
1476
1476
1476
1476
1476
1476
1476
1476
1476
1476
1476
1476
1476
1476
1488
1488
1488
1488
1488
1488
1488
1488
1488
1488
1488
1488
1488
1488
1488
1488
1500
1500
1500
1500
1500
1500
1500
1500
1500
1500
1512
1512
1512
1512
1512
1512
1512
1512
1512
1512
1524
1524
1524
1524
1524
1524
1524
1524
1524
1524
1524
1524
1524
1524
1524
1524
1536
1536
1536
1536
1536
1536
1536
1536
1536
1536
1536
1536
1536
1536
1536
1536
1536
1536
1536
1536
1536
1536
1548
1548
1548
1548
1548
1548
1548
1548
1548
1548
1548
1548
1548
1548
1548
1548
1548
1548
1548
1560
1560
1560
1560
1560
1560
1560
1560
1560
1560
1560
1560
1560
1560
1560
1560
1560
1572
1572
1572
1572
1572
1572
1572
1572
1572
1572
1572
1572
1584
1584
1584
1584
1584
1584
1584
1596
1596