320
330
330
330
330
330
330
340
340
340
340
340
340
340
340
340
340
340
350
350
350
350
350
350
350
350
350
350
350
350
350
350
350
350
360
360
360
360
360
360
360
360
360
360
360
360
360
360
360
360
360
360
360
360
360
370
370
370
370
370
370
370
370
370
370
370
370
370
370
370
370
370
370
370
370
370
370
370
370
380
380
380
380
380
380
380
380
380
380
380
380
380
380
380
380
380
380
380
380
380
380
380
390
390
390
390
390
390
390
390
390
390
390
390
390
390
390
390
390
390
390
400
400
400
400
400
400
400
400
400
400
400
400
400
410
410
410
410
410
410
410
410
420
420
420
420
420
420
420
420
420
430
430
430
430
430
430
430
430
430
430
430
430
430
430
440
440
440
440
440
440
440
440
440
440
440
440
440
440
440
440
440
440
440
440
450
450
450
450
450
450
450
450
450
450
450
450
450
450
450
450
450
450
450
450
450
450
460
460
460
460
460
460
460
460
460
460
460
460
460
460
460
460
460
460
460
460
460
460
460
470
470
470
470
470
470
470
470
470
470
470
470
470
470
470
470
470
470
470
480
480
480
480
480
480
480
480
480
480
480
480
480
480
490
490
490
490
490
490
490
490
490
500
500
500
500
510
520
520
520
520
520
520
530
530
530
530
530
530
530
530
530
530
530
540
540
540
540
540
540
540
540
540
540
540
540
540
540
540
540
550
550
550
550
550
550
550
550
550
550
550
550
550
550
550
550
550
550
550
550
550
560
560
560
560
560
560
560
560
560
560
560
560
560
560
560
560
560
560
560
560
560
560
560
570
570
570
570
570
570
570
570
570
570
570
570
570
570
570
570
570
570
570
570
570
570
570
570
570
570
580
580
580
580
580
580
580
580
580
580
580
580
580
580
580
580
580
580
580
580
580
580
590
590
590
590
590
590
590
590
590
590
590
590
590
590
590
590
600
600
600
600
600
600
600
600
600
600
600
600
610
610
610
610
610
610
610
610
610
610
610
610
610
610
620
620
620
620
620
620
620
620
620
620
620
620
620
620
620
620
620
620
620
620
630
630
630
630
630
630
630
630
630
630
630
630
630
630
630
630
630
630
630
630
630
630
630
630
630
630
640
640
640
640
640
640
640
640
640
640
640
640
640
640
640
640
640
640
640
640
640
640
640
640
650
650
650
650
650
650
650
650
650
650
650
650
650
650
650
650
650
650
650
650
650
650
650
650
660
660
660
660
660
660
660
660
660
660
660
660
660
660
660
660
660
660
660
670
670
670
670
670
670
670
670
670
670
670
670
670
670
680
680
680
680
680
680
680
680
680
690
690
690
690
740
740
740
740
740
740
740
740
740
740
740
740
740
740
740
740
740
740
740
740
740
740
740
740
740
740
740
740
740
740
740
740
740
750
750
750
750
750
750
750
750
750
750
750
750
750
750
750
750
750
750
750
750
750
750
750
750
750
750
750
750
750
750
750
750
750
760
760
760
760
760
760
760
760
760
760
760
760
760
760
760
760
760
760
760
760
760
760
760
760
760
760
760
760
760
760
760
760
760
770
770
770
770
770
770
770
770
770
770
770
770
770
770
770
770
770
770
770
770
770
770
770
770
770
770
770
770
770
770
770
770
770
780
780
780
780
780
780
780
780
780
780
780
780
780
780
780
780
780
780
780
780
780
780
780
780
780
780
780
780
780
780
780
780
780
840
840
840
840
840
840
840
840
840
840
840
840
840
840
850
850
850
850
850
850
850
850
850
850
850
850
850
850
850
850
850
850
850
850
860
860
860
860
860
860
860
860
860
860
860
860
860
860
860
860
860
860
860
860
860
860
870
870
870
870
870
870
870
870
870
870
870
870
870
870
870
870
870
870
870
870
870
870
870
870
880
880
880
880
880
880
880
880
880
880
880
880
880
880
880
880
880
880
880
880
880
880
880
880
880
890
890
890
890
890
890
890
890
890
890
890
890
890
890
890
890
900
900
900
900
900
900
900
900
900
900
900
900
900
900
910
910
910
910
910
910
910
910
910
910
910
910
910
910
920
920
920
920
920
920
920
920
920
920
920
920
920
930
930
930
930
930
930
930
930
930
930
930
930
930
940
940
940
940
940
940
940
940
940
940
940
940
940
940
940
940
950
950
950
950
950
950
950
950
950
950
950
950
950
950
950
950
950
950
950
950
950
950
950
950
950
950
960
960
960
960
960
960
960
960
960
960
960
960
960
960
960
960
960
960
960
960
960
960
960
970
970
970
970
970
970
970
970
970
970
970
970
970
970
970
970
970
970
970
970
970
970
980
980
980
980
980
980
980
980
980
980
980
980
980
980
980
980
980
980
980
990
990
990
990
990
990
990
990
990
990
990
990
990
990
990
990
1000
1000
1000
1000
1000
1030
1040
1040
1040
1040
1040
1040
1050
1050
1050
1050
1050
1050
1050
1050
1050
1050
1050
1060
1060
1060
1060
1060
1060
1060
1060
1060
1060
1060
1060
1060
1060
1060
1060
1070
1070
1070
1070
1070
1070
1070
1070
1070
1070
1070
1070
1070
1070
1070
1070
1070
1070
1070
1070
1070
1080
1080
1080
1080
1080
1080
1080
1080
1080
1080
1080
1080
1080
1080
1080
1080
1080
1080
1080
1080
1080
1080
1080
1090
1090
1090
1090
1090
1090
1090
1090
1090
1090
1090
1090
1090
1090
1090
1090
1090
1090
1090
1090
1090
1090
1090
1090
1090
1090
1100
1100
1100
1100
1100
1100
1100
1100
1100
1100
1100
1100
1100
1100
1100
1100
1100
1100
1100
1100
1100
1100
1110
1110
1110
1110
1110
1110
1110
1110
1110
1110
1110
1110
1110
1110
1110
1110
1120
1120
1120
1120
1120
1120
1120
1120
1120
1120
1120
1120
1130
1130
1130
1130
1130
1130
1130
1130
1130
1130
1130
1130
1130
1130
1130
1140
1140
1140
1140
1140
1140
1140
1140
1140
1140
1140
1140
1140
1140
1140
1140
1140
1140
1140
1140
1140
1150
1150
1150
1150
1150
1150
1150
1150
1150
1150
1150
1150
1150
1150
1150
1150
1150
1150
1150
1150
1150
1150
1150
1150
1150
1150
1150
1160
1160
1160
1160
1160
1160
1160
1160
1160
1160
1160
1160
1160
1160
1160
1160
1160
1160
1160
1160
1160
1160
1160
1160
1170
1170
1170
1170
1170
1170
1170
1170
1170
1170
1170
1170
1170
1170
1170
1170
1170
1170
1170
1170
1170
1170
1170
1170
1180
1180
1180
1180
1180
1180
1180
1180
1180
1180
1180
1180
1180
1180
1180
1180
1180
1180
1180
1190
1190
1190
1190
1190
1190
1190
1190
1190
1190
1190
1190
1190
1190
1200
1200
1200
1200
1200
1200
1200
1200
1200
1210
1210
1210
1210
1260
1260
1260
1260
1260
1260
1260
1260
1260
1260
1260
1260
1260
1260
1260
1260
1260
1260
1260
1260
1260
1260
1260
1260
1260
1260
1260
1260
1260
1260
1260
1260
1260
1270
1270
1270
1270
1270
1270
1270
1270
1270
1270
1270
1270
1270
1270
1270
1270
1270
1270
1270
1270
1270
1270
1270
1270
1270
1270
1270
1270
1270
1270
1270
1270
1270
1280
1280
1280
1280
1280
1280
1280
1280
1280
1280
1280
1280
1280
1280
1280
1280
1280
1280
1280
1280
1280
1280
1280
1280
1280
1280
1280
1280
1280
1280
1280
1280
1280
1290
1290
1290
1290
1290
1290
1290
1290
1290
1290
1290
1290
1290
1290
1290
1290
1290
1290
1290
1290
1290
1290
1290
1290
1290
1290
1290
1290
1290
1290
1290
1290
1290
1300
1300
1300
1300
1300
1300
1300
1300
1300
1300
1300
1300
1300
1300
1300
1300
1300
1300
1300
1300
1300
1300
1300
1300
1300
1300
1300
1300
1300
1300
1300
1300
1300
1310
1310
1310
1310
1310
1320
1320
1320
1320
1320
1330
1330
1330
1330
1330
1340
1340
1340
1340
1340
1350
1350
1350
1350
1350
1360
1360
1360
1360
1360
1370
1370
1370
1370
1370
1420
1420
1420
1420
1430
1430
1430
1430
1430
1430
1430
1430
1430
1440
1440
1440
1440
1440
1440
1440
1440
1440
1440
1440
1440
1440
1440
1450
1450
1450
1450
1450
1450
1450
1450
1450
1450
1450
1450
1450
1450
1450
1450
1450
1450
1450
1460
1460
1460
1460
1460
1460
1460
1460
1460
1460
1460
1460
1460
1460
1460
1460
1460
1460
1460
1460
1460
1460
1460
1460
1470
1470
1470
1470
1470
1470
1470
1470
1470
1470
1470
1470
1470
1470
1470
1470
1470
1470
1470
1470
1470
1470
1470
1470
1480
1480
1480
1480
1480
1480
1480
1480
1480
1480
1480
1480
1480
1480
1480
1480
1480
1480
1480
1480
1480
1480
1480
1480
1480
1490
1490
1490
1490
1490
1490
1490
1490
1490
1490
1490
1490
1490
1490
1490
1490
1490
1490
1490
1500
1500
1500
1500
1500
1500
1500
1500
1500
1500
1500
1500
1500
1510
1510
1510
1510
1510
1510
1510
1510
1510
1510
1510
1510
1520
1520
1520
1520
1520
1520
1520
1520
1520
1520
1520
1520
1520
1520
1520
1520
1520
1530
1530
1530
1530
1530
1530
1530
1530
1530
1530
1530
1530
1530
1530
1530
1530
1530
1530
1530
1530
1530
1530
1530
1540
1540
1540
1540
1540
1540
1540
1540
1540
1540
1540
1540
1540
1540
1540
1540
1540
1540
1540
1540
1540
1540
1540
1540
1540
1540
1550
1550
1550
1550
1550
1550
1550
1550
1550
1550
1550
1550
1550
1550
1550
1550
1550
1550
1550
1550
1550
1550
1550
1560
1560
1560
1560
1560
1560
1560
1560
1560
1560
1560
1560
1560
1560
1560
1560
1560
1560
1560
1560
1560
1570
1570
1570
1570
1570
1570
1570
1570
1570
1570
1570
1570
1570
1570
1570
1570
1580
1580
1580
1580
1580
1580
1580
1580
1580
1580
1580
1590
1590
1590
1590
1590
1590
1600