320
320
320
320
325
325
325
325
325
325
325
325
325
330
330
330
330
330
330
330
330
330
330
330
330
330
330
335
335
335
335
335
335
335
335
335
335
335
335
335
335
335
335
335
335
335
340
340
340
340
340
340
340
340
340
340
340
340
340
340
340
340
340
340
340
340
340
340
340
340
345
345
345
345
345
345
345
345
345
345
345
345
345
345
345
345
345
345
345
345
345
345
345
345
345
345
345
345
345
350
350
350
350
350
350
350
350
350
350
350
350
350
350
350
350
350
350
350
350
350
350
350
350
350
350
350
350
350
350
350
350
350
350
355
355
355
355
355
355
355
355
355
355
355
355
355
355
355
355
355
355
355
355
355
355
355
355
355
355
355
355
355
355
355
355
355
355
355
355
355
355
355
360
360
360
360
360
360
360
360
360
360
360
360
360
360
360
360
360
360
360
360
360
360
360
360
360
360
360
360
360
360
360
360
360
360
360
360
360
360
360
360
360
360
360
360
365
365
365
365
365
365
365
365
365
365
365
365
365
365
365
365
365
365
365
365
365
365
365
365
365
365
365
365
365
365
365
365
365
365
365
365
365
365
365
365
365
365
365
365
365
365
365
365
365
370
370
370
370
370
370
370
370
370
370
370
370
370
370
370
370
370
370
370
370
370
370
370
370
370
370
370
370
370
370
370
370
370
370
370
370
370
370
370
370
370
370
370
370
370
370
370
370
370
370
370
370
370
370
375
375
375
375
375
375
375
375
375
375
375
375
375
375
375
375
375
375
375
375
375
375
375
375
375
375
375
375
375
375
375
375
375
375
375
375
375
375
375
375
375
375
375
375
375
375
375
375
375
375
375
375
375
380
380
380
380
380
380
380
380
380
380
380
380
380
380
380
380
380
380
380
380
380
380
380
380
380
380
380
380
380
380
380
380
380
380
380
380
380
380
380
380
380
380
380
380
380
380
380
380
380
380
380
380
385
385
385
385
385
385
385
385
385
385
385
385
385
385
385
385
385
385
385
385
385
385
385
385
385
385
385
385
385
385
385
385
385
385
385
385
385
385
385
385
385
385
385
385
385
385
385
385
390
390
390
390
390
390
390
390
390
390
390
390
390
390
390
390
390
390
390
390
390
390
390
390
390
390
390
390
390
390
390
390
390
390
390
390
390
390
390
390
390
390
395
395
395
395
395
395
395
395
395
395
395
395
395
395
395
395
395
395
395
395
395
395
395
395
395
395
395
395
395
395
395
395
395
395
395
395
395
400
400
400
400
400
400
400
400
400
400
400
400
400
400
400
400
400
400
400
400
400
400
400
400
400
400
400
400
400
400
400
405
405
405
405
405
405
405
405
405
405
405
405
405
405
405
405
405
405
405
405
405
405
405
405
405
410
410
410
410
410
410
410
410
410
410
410
410
410
410
410
410
410
410
410
415
415
415
415
415
415
415
415
415
415
415
415
415
415
415
415
415
415
420
420
420
420
420
420
420
420
420
420
420
420
420
420
420
420
420
420
420
420
420
425
425
425
425
425
425
425
425
425
425
425
425
425
425
425
425
425
425
425
425
425
425
425
425
425
425
425
430
430
430
430
430
430
430
430
430
430
430
430
430
430
430
430
430
430
430
430
430
430
430
430
430
430
430
430
430
430
430
430
430
435
435
435
435
435
435
435
435
435
435
435
435
435
435
435
435
435
435
435
435
435
435
435
435
435
435
435
435
435
435
435
435
435
435
435
435
435
435
435
440
440
440
440
440
440
440
440
440
440
440
440
440
440
440
440
440
440
440
440
440
440
440
440
440
440
440
440
440
440
440
440
440
440
440
440
440
440
440
440
440
440
440
440
445
445
445
445
445
445
445
445
445
445
445
445
445
445
445
445
445
445
445
445
445
445
445
445
445
445
445
445
445
445
445
445
445
445
445
445
445
445
445
445
445
445
445
445
445
445
445
445
445
445
450
450
450
450
450
450
450
450
450
450
450
450
450
450
450
450
450
450
450
450
450
450
450
450
450
450
450
450
450
450
450
450
450
450
450
450
450
450
450
450
450
450
450
450
450
450
450
450
450
450
450
450
455
455
455
455
455
455
455
455
455
455
455
455
455
455
455
455
455
455
455
455
455
455
455
455
455
455
455
455
455
455
455
455
455
455
455
455
455
455
455
455
455
455
455
455
455
455
455
455
455
455
455
455
455
460
460
460
460
460
460
460
460
460
460
460
460
460
460
460
460
460
460
460
460
460
460
460
460
460
460
460
460
460
460
460
460
460
460
460
460
460
460
460
460
460
460
460
460
460
460
460
460
460
460
460
460
465
465
465
465
465
465
465
465
465
465
465
465
465
465
465
465
465
465
465
465
465
465
465
465
465
465
465
465
465
465
465
465
465
465
465
465
465
465
465
465
465
465
465
465
465
465
465
470
470
470
470
470
470
470
470
470
470
470
470
470
470
470
470
470
470
470
470
470
470
470
470
470
470
470
470
470
470
470
470
470
470
470
470
470
470
470
470
470
470
475
475
475
475
475
475
475
475
475
475
475
475
475
475
475
475
475
475
475
475
475
475
475
475
475
475
475
475
475
475
475
475
475
475
475
475
475
480
480
480
480
480
480
480
480
480
480
480
480
480
480
480
480
480
480
480
480
480
480
480
480
480
480
480
480
480
480
480
480
485
485
485
485
485
485
485
485
485
485
485
485
485
485
485
485
485
485
485
485
485
485
485
485
485
485
485
490
490
490
490
490
490
490
490
490
490
490
490
490
490
490
490
490
490
490
490
490
490
495
495
495
495
495
495
495
495
495
495
495
495
495
495
495
495
495
500
500
500
500
500
500
500
500
500
500
500
500
505
505
505
505
505
505
505
505
505
505
510
510
510
510
510
510
510
510
510
510
515
515
515
515
515
515
515
515
515
515
515
515
515
520
520
520
520
520
520
520
520
520
520
520
520
520
520
520
520
520
520
525
525
525
525
525
525
525
525
525
525
525
525
525
525
525
525
525
525
525
525
525
525
525
530
530
530
530
530
530
530
530
530
530
530
530
530
530
530
530
530
530
530
530
530
530
530
530
530
530
530
530
535
535
535
535
535
535
535
535
535
535
535
535
535
535
535
535
535
535
535
535
535
535
535
535
535
535
535
535
535
535
535
535
535
540
540
540
540
540
540
540
540
540
540
540
540
540
540
540
540
540
540
540
540
540
540
540
540
540
540
540
540
540
540
540
540
540
540
540
540
540
540
545
545
545
545
545
545
545
545
545
545
545
545
545
545
545
545
545
545
545
545
545
545
545
545
545
545
545
545
545
545
545
545
545
545
545
545
545
545
545
545
545
545
545
550
550
550
550
550
550
550
550
550
550
550
550
550
550
550
550
550
550
550
550
550
550
550
550
550
550
550
550
550
550
550
550
550
550
550
550
550
550
550
550
550
550
550
550
550
550
550
550
555
555
555
555
555
555
555
555
555
555
555
555
555
555
555
555
555
555
555
555
555
555
555
555
555
555
555
555
555
555
555
555
555
555
555
555
555
555
555
555
555
555
555
555
555
555
555
555
555
555
555
555
555
560
560
560
560
560
560
560
560
560
560
560
560
560
560
560
560
560
560
560
560
560
560
560
560
560
560
560
560
560
560
560
560
560
560
560
560
560
560
560
560
560
560
560
560
560
560
560
560
560
560
560
560
560
560
560
560
560
560
565
565
565
565
565
565
565
565
565
565
565
565
565
565
565
565
565
565
565
565
565
565
565
565
565
565
565
565
565
565
565
565
565
565
565
565
565
565
565
565
565
565
565
565
565
565
565
565
565
565
565
565
565
565
565
565
565
570
570
570
570
570
570
570
570
570
570
570
570
570
570
570
570
570
570
570
570
570
570
570
570
570
570
570
570
570
570
570
570
570
570
570
570
570
570
570
570
570
570
570
570
570
570
570
570
570
570
570
570
570
570
570
570
570
575
575
575
575
575
575
575
575
575
575
575
575
575
575
575
575
575
575
575
575
575
575
575
575
575
575
575
575
575
575
575
575
575
575
575
575
575
575
575
575
575
575
575
575
575
575
575
575
575
575
575
575
575
575
575
575
580
580
580
580
580
580
580
580
580
580
580
580
580
580
580
580
580
580
580
580
580
580
580
580
580
580
580
580
580
580
580
580
580
580
580
580
580
580
580
580
580
580
580
580
580
580
580
580
580
580
585
585
585
585
585
585
585
585
585
585
585
585
585
585
585
585
585
585
585
585
585
585
585
585
585
585
585
585
585
585
585
585
585
585
585
585
585
585
585
585
585
585
585
585
590
590
590
590
590
590
590
590
590
590
590
590
590
590
590
590
590
590
590
590
590
590
590
590
590
590
590
590
590
590
590
590
590
590
590
590
590
590
595
595
595
595
595
595
595
595
595
595
595
595
595
595
595
595
595
595
595
595
595
595
595
595
595
595
595
595
595
595
595
595
600
600
600
600
600
600
600
600
600
600
600
600
600
600
600
600
600
600
600
600
600
600
600
600
600
600
600
605
605
605
605
605
605
605
605
605
605
605
605
605
605
605
605
605
605
605
605
605
605
605
605
605
605
605
610
610
610
610
610
610
610
610
610
610
610
610
610
610
610
610
610
610
610
610
610
610
610
610
610
610
610
610
610
610
610
610
610
615
615
615
615
615
615
615
615
615
615
615
615
615
615
615
615
615
615
615
615
615
615
615
615
615
615
615
615
615
615
615
615
615
615
615
615
615
615
615
620
620
620
620
620
620
620
620
620
620
620
620
620
620
620
620
620
620
620
620
620
620
620
620
620
620
620
620
620
620
620
620
620
620
620
620
620
620
620
620
620
620
620
620
620
625
625
625
625
625
625
625
625
625
625
625
625
625
625
625
625
625
625
625
625
625
625
625
625
625
625
625
625
625
625
625
625
625
625
625
625
625
625
625
625
625
625
625
625
625
625
625
625
625
625
625
630
630
630
630
630
630
630
630
630
630
630
630
630
630
630
630
630
630
630
630
630
630
630
630
630
630
630
630
630
630
630
630
630
630
630
630
630
630
630
630
630
630
630
630
630
630
630
630
630
630
630
630
630
630
630
630
630
635
635
635
635
635
635
635
635
635
635
635
635
635
635
635
635
635
635
635
635
635
635
635
635
635
635
635
635
635
635
635
635
635
635
635
635
635
635
635
635
635
635
635
635
635
635
635
635
635
635
635
635
635
635
635
635
635
640
640
640
640
640
640
640
640
640
640
640
640
640
640
640
640
640
640
640
640
640
640
640
640
640
640
640
640
640
640
640
640
640
640
640
640
640
640
640
640
640
640
640
640
640
640
640
640
640
640
640
640
640
640
640
640
640
645
645
645
645
645
645
645
645
645
645
645
645
645
645
645
645
645
645
645
645
645
645
645
645
645
645
645
645
645
645
645
645
645
645
645
645
645
645
645
645
645
645
645
645
645
645
645
645
645
645
645
645
645
645
645
645
645
645
650
650
650
650
650
650
650
650
650
650
650
650
650
650
650
650
650
650
650
650
650
650
650
650
650
650
650
650
650
650
650
650
650
650
650
650
650
650
650
650
650
650
650
650
650
650
650
650
650
650
650
650
650
655
655
655
655
655
655
655
655
655
655
655
655
655
655
655
655
655
655
655
655
655
655
655
655
655
655
655
655
655
655
655
655
655
655
655
655
655
655
655
655
655
655
655
655
655
655
655
655
660
660
660
660
660
660
660
660
660
660
660
660
660
660
660
660
660
660
660
660
660
660
660
660
660
660
660
660
660
660
660
660
660
660
660
660
660
660
660
660
660
660
660
665
665
665
665
665
665
665
665
665
665
665
665
665
665
665
665
665
665
665
665
665
665
665
665
665
665
665
665
665
665
665
665
665
665
665
665
665
665
670
670
670
670
670
670
670
670
670
670
670
670
670
670
670
670
670
670
670
670
670
670
670
670
670
670
670
670
670
670
670
670
670
675
675
675
675
675
675
675
675
675
675
675
675
675
675
675
675
675
675
675
675
675
675
675
675
675
675
675
675
680
680
680
680
680
680
680
680
680
680
680
680
680
680
680
680
680
680
680
680
680
680
680
685
685
685
685
685
685
685
685
685
685
685
685
685
685
685
685
685
685
690
690
690
690
690
690
690
690
690
690
690
690
690
695
695
695
695
695
695
695
695
700
700
700
735
735
735
735
735
735
735
735
735
735
735
735
735
735
735
735
735
735
735
735
735
735
735
735
735
735
735
735
735
735
735
735
735
735
735
735
735
735
735
735
735
735
735
735
735
735
735
735
735
735
735
735
735
735
735
735
735
735
735
735
735
735
735
735
735
735
740
740
740
740
740
740
740
740
740
740
740
740
740
740
740
740
740
740
740
740
740
740
740
740
740
740
740
740
740
740
740
740
740
740
740
740
740
740
740
740
740
740
740
740
740
740
740
740
740
740
740
740
740
740
740
740
740
740
740
740
740
740
740
740
740
740
745
745
745
745
745
745
745
745
745
745
745
745
745
745
745
745
745
745
745
745
745
745
745
745
745
745
745
745
745
745
745
745
745
745
745
745
745
745
745
745
745
745
745
745
745
745
745
745
745
745
745
745
745
745
745
745
745
745
745
745
745
745
745
745
745
745
750
750
750
750
750
750
750
750
750
750
750
750
750
750
750
750
750
750
750
750
750
750
750
750
750
750
750
750
750
750
750
750
750
750
750
750
750
750
750
750
750
750
750
750
750
750
750
750
750
750
750
750
750
750
750
750
750
750
750
750
750
750
750
750
750
750
755
755
755
755
755
755
755
755
755
755
755
755
755
755
755
755
755
755
755
755
755
755
755
755
755
755
755
755
755
755
755
755
755
755
755
755
755
755
755
755
755
755
755
755
755
755
755
755
755
755
755
755
755
755
755
755
755
755
755
755
755
755
755
755
755
755
760
760
760
760
760
760
760
760
760
760
760
760
760
760
760
760
760
760
760
760
760
760
760
760
760
760
760
760
760
760
760
760
760
760
760
760
760
760
760
760
760
760
760
760
760
760
760
760
760
760
760
760
760
760
760
760
760
760
760
760
760
760
760
760
760
760
765
765
765
765
765
765
765
765
765
765
765
765
765
765
765
765
765
765
765
765
765
765
765
765
765
765
765
765
765
765
765
765
765
765
765
765
765
765
765
765
765
765
765
765
765
765
765
765
765
765
765
765
765
765
765
765
765
765
765
765
765
765
765
765
765
765
770
770
770
770
770
770
770
770
770
770
770
770
770
770
770
770
770
770
770
770
770
770
770
770
770
770
770
770
770
770
770
770
770
770
770
770
770
770
770
770
770
770
770
770
770
770
770
770
770
770
770
770
770
770
770
770
770
770
770
770
770
770
770
770
770
770
775
775
775
775
775
775
775
775
775
775
775
775
775
775
775
775
775
775
775
775
775
775
775
775
775
775
775
775
775
775
775
775
775
775
775
775
775
775
775
775
775
775
775
775
775
775
775
775
775
775
775
775
775
775
775
775
775
775
775
775
775
775
775
775
775
775
780
780
780
780
780
780
780
780
780
780
780
780
780
780
780
780
780
780
780
780
780
780
780
780
780
780
780
780
780
780
780
780
780
780
780
780
780
780
780
780
780
780
780
780
780
780
780
780
780
780
780
780
780
780
780
780
780
780
780
780
780
780
780
780
780
780
785
785
785
785
785
785
785
785
785
785
785
785
785
785
785
785
785
785
785
785
785
785
785
785
785
785
785
785
785
785
785
785
785
785
785
785
785
785
785
785
785
785
785
785
785
785
785
785
785
785
785
785
785
785
785
785
785
785
785
785
785
785
785
785
785
785
790
790
790
790
790
790
790
790
790
790
790
790
790
790
790
790
790
790
790
790
790
790
790
790
790
790
790
790
790
790
790
790
790
790
790
790
790
790
790
790
790
790
790
790
790
790
790
790
790
790
790
790
790
790
790
790
790
790
790
790
790
790
790
790
790
790
830
830
830
830
830
830
830
830
835
835
835
835
835
835
835
835
835
835
835
835
835
835
835
835
835
835
835
835
835
835
835
835
835
840
840
840
840
840
840
840
840
840
840
840
840
840
840
840
840
840
840
840
840
840
840
840
840
840
840
840
840
840
840
840
840
845
845
845
845
845
845
845
845
845
845
845
845
845
845
845
845
845
845
845
845
845
845
845
845
845
845
845
845
845
845
845
845
845
845
845
845
845
850
850
850
850
850
850
850
850
850
850
850
850
850
850
850
850
850
850
850
850
850
850
850
850
850
850
850
850
850
850
850
850
850
850
850
850
850
850
850
850
850
855
855
855
855
855
855
855
855
855
855
855
855
855
855
855
855
855
855
855
855
855
855
855
855
855
855
855
855
855
855
855
855
855
855
855
855
855
855
855
855
855
855
855
860
860
860
860
860
860
860
860
860
860
860
860
860
860
860
860
860
860
860
860
860
860
860
860
860
860
860
860
860
860
860
860
860
860
860
860
860
860
860
860
860
860
860
860
860
860
865
865
865
865
865
865
865
865
865
865
865
865
865
865
865
865
865
865
865
865
865
865
865
865
865
865
865
865
865
865
865
865
865
865
865
865
865
865
865
865
865
865
865
865
865
865
865
865
865
870
870
870
870
870
870
870
870
870
870
870
870
870
870
870
870
870
870
870
870
870
870
870
870
870
870
870
870
870
870
870
870
870
870
870
870
870
870
870
870
870
870
870
870
870
870
870
870
870
870
875
875
875
875
875
875
875
875
875
875
875
875
875
875
875
875
875
875
875
875
875
875
875
875
875
875
875
875
875
875
875
875
875
875
875
875
875
875
875
875
875
875
875
875
875
875
875
875
875
875
875
875
880
880
880
880
880
880
880
880
880
880
880
880
880
880
880
880
880
880
880
880
880
880
880
880
880
880
880
880
880
880
880
880
880
880
880
880
880
880
880
880
880
880
880
880
880
880
880
880
880
880
880
880
880
885
885
885
885
885
885
885
885
885
885
885
885
885
885
885
885
885
885
885
885
885
885
885
885
885
885
885
885
885
885
885
885
885
885
885
885
885
885
885
885
885
885
885
885
885
885
885
885
885
885
885
885
885
885
890
890
890
890
890
890
890
890
890
890
890
890
890
890
890
890
890
890
890
890
890
890
890
890
890
890
890
890
890
890
890
890
890
890
890
890
890
890
890
890
895
895
895
895
895
895
895
895
895
895
895
895
895
895
895
895
895
895
895
895
895
895
895
895
895
895
895
895
895
895
895
895
895
895
900
900
900
900
900
900
900
900
900
900
900
900
900
900
900
900
900
900
900
900
900
900
900
900
900
900
900
900
900
900
900
900
900
905
905
905
905
905
905
905
905
905
905
905
905
905
905
905
905
905
905
905
905
905
905
905
905
905
905
905
905
905
905
905
910
910
910
910
910
910
910
910
910
910
910
910
910
910
910
910
910
910
910
910
910
910
910
910
910
910
910
910
910
910
910
915
915
915
915
915
915
915
915
915
915
915
915
915
915
915
915
915
915
915
915
915
915
915
915
915
915
915
915
915
915
920
920
920
920
920
920
920
920
920
920
920
920
920
920
920
920
920
920
920
920
920
920
920
920
920
920
920
920
920
920
920
925
925
925
925
925
925
925
925
925
925
925
925
925
925
925
925
925
925
925
925
925
925
925
925
925
925
925
925
925
925
925
930
930
930
930
930
930
930
930
930
930
930
930
930
930
930
930
930
930
930
930
930
930
930
930
930
930
930
930
930
930
930
935
935
935
935
935
935
935
935
935
935
935
935
935
935
935
935
935
935
935
935
935
935
935
935
935
935
935
935
935
935
935
935
935
940
940
940
940
940
940
940
940
940
940
940
940
940
940
940
940
940
940
940
940
940
940
940
940
940
940
940
940
940
940
940
940
940
940
940
940
940
945
945
945
945
945
945
945
945
945
945
945
945
945
945
945
945
945
945
945
945
945
945
945
945
945
945
945
945
945
945
945
945
945
945
945
945
945
945
945
945
945
945
945
945
945
945
945
945
945
950
950
950
950
950
950
950
950
950
950
950
950
950
950
950
950
950
950
950
950
950
950
950
950
950
950
950
950
950
950
950
950
950
950
950
950
950
950
950
950
950
950
950
950
950
950
950
950
950
950
950
950
950
955
955
955
955
955
955
955
955
955
955
955
955
955
955
955
955
955
955
955
955
955
955
955
955
955
955
955
955
955
955
955
955
955
955
955
955
955
955
955
955
955
955
955
955
955
955
955
955
955
955
955
960
960
960
960
960
960
960
960
960
960
960
960
960
960
960
960
960
960
960
960
960
960
960
960
960
960
960
960
960
960
960
960
960
960
960
960
960
960
960
960
960
960
960
960
960
960
960
960
960
960
960
965
965
965
965
965
965
965
965
965
965
965
965
965
965
965
965
965
965
965
965
965
965
965
965
965
965
965
965
965
965
965
965
965
965
965
965
965
965
965
965
965
965
965
965
965
965
965
965
970
970
970
970
970
970
970
970
970
970
970
970
970
970
970
970
970
970
970
970
970
970
970
970
970
970
970
970
970
970
970
970
970
970
970
970
970
970
970
970
970
970
970
970
970
970
970
975
975
975
975
975
975
975
975
975
975
975
975
975
975
975
975
975
975
975
975
975
975
975
975
975
975
975
975
975
975
975
975
975
975
975
975
975
975
975
975
975
975
975
975
980
980
980
980
980
980
980
980
980
980
980
980
980
980
980
980
980
980
980
980
980
980
980
980
980
980
980
980
980
980
980
980
980
980
980
980
980
980
980
980
980
985
985
985
985
985
985
985
985
985
985
985
985
985
985
985
985
985
985
985
985
985
985
985
985
985
985
985
985
985
985
985
985
985
985
985
985
985
985
990
990
990
990
990
990
990
990
990
990
990
990
990
990
990
990
990
990
990
990
990
990
990
990
990
990
990
990
990
990
990
990
990
990
990
995
995
995
995
995
995
995
995
995
995
995
995
995
995
995
995
995
995
995
995
995
995
995
995
995
995
995
995
995
995
1000
1000
1000
1000
1000
1000
1000
1000
1000
1000
1000
1000
1000
1000
1000
1000
1000
1000
1000
1000
1000
1025
1030
1030
1030
1030
1030
1030
1035
1035
1035
1035
1035
1035
1035
1035
1035
1035
1035
1040
1040
1040
1040
1040
1040
1040
1040
1040
1040
1040
1040
1040
1040
1040
1040
1045
1045
1045
1045
1045
1045
1045
1045
1045
1045
1045
1045
1045
1045
1045
1045
1045
1045
1045
1045
1045
1050
1050
1050
1050
1050
1050
1050
1050
1050
1050
1050
1050
1050
1050
1050
1050
1050
1050
1050
1050
1050
1050
1050
1050
1050
1050
1055
1055
1055
1055
1055
1055
1055
1055
1055
1055
1055
1055
1055
1055
1055
1055
1055
1055
1055
1055
1055
1055
1055
1055
1055
1055
1055
1055
1055
1055
1055
1060
1060
1060
1060
1060
1060
1060
1060
1060
1060
1060
1060
1060
1060
1060
1060
1060
1060
1060
1060
1060
1060
1060
1060
1060
1060
1060
1060
1060
1060
1060
1060
1060
1060
1060
1060
1065
1065
1065
1065
1065
1065
1065
1065
1065
1065
1065
1065
1065
1065
1065
1065
1065
1065
1065
1065
1065
1065
1065
1065
1065
1065
1065
1065
1065
1065
1065
1065
1065
1065
1065
1065
1065
1065
1065
1065
1065
1070
1070
1070
1070
1070
1070
1070
1070
1070
1070
1070
1070
1070
1070
1070
1070
1070
1070
1070
1070
1070
1070
1070
1070
1070
1070
1070
1070
1070
1070
1070
1070
1070
1070
1070
1070
1070
1070
1070
1070
1070
1070
1070
1070
1070
1070
1075
1075
1075
1075
1075
1075
1075
1075
1075
1075
1075
1075
1075
1075
1075
1075
1075
1075
1075
1075
1075
1075
1075
1075
1075
1075
1075
1075
1075
1075
1075
1075
1075
1075
1075
1075
1075
1075
1075
1075
1075
1075
1075
1075
1075
1075
1075
1075
1075
1075
1075
1080
1080
1080
1080
1080
1080
1080
1080
1080
1080
1080
1080
1080
1080
1080
1080
1080
1080
1080
1080
1080
1080
1080
1080
1080
1080
1080
1080
1080
1080
1080
1080
1080
1080
1080
1080
1080
1080
1080
1080
1080
1080
1080
1080
1080
1080
1080
1080
1080
1080
1080
1080
1080
1085
1085
1085
1085
1085
1085
1085
1085
1085
1085
1085
1085
1085
1085
1085
1085
1085
1085
1085
1085
1085
1085
1085
1085
1085
1085
1085
1085
1085
1085
1085
1085
1085
1085
1085
1085
1085
1085
1085
1085
1085
1085
1085
1085
1085
1085
1085
1085
1085
1085
1085
1085
1090
1090
1090
1090
1090
1090
1090
1090
1090
1090
1090
1090
1090
1090
1090
1090
1090
1090
1090
1090
1090
1090
1090
1090
1090
1090
1090
1090
1090
1090
1090
1090
1090
1090
1090
1090
1090
1090
1090
1090
1090
1090
1090
1090
1090
1090
1090
1090
1090
1090
1090
1090
1090
1090
1090
1090
1095
1095
1095
1095
1095
1095
1095
1095
1095
1095
1095
1095
1095
1095
1095
1095
1095
1095
1095
1095
1095
1095
1095
1095
1095
1095
1095
1095
1095
1095
1095
1095
1095
1095
1095
1095
1095
1095
1095
1095
1095
1095
1095
1095
1095
1095
1095
1095
1095
1095
1095
1095
1095
1100
1100
1100
1100
1100
1100
1100
1100
1100
1100
1100
1100
1100
1100
1100
1100
1100
1100
1100
1100
1100
1100
1100
1100
1100
1100
1100
1100
1100
1100
1100
1100
1100
1100
1100
1100
1100
1100
1100
1100
1100
1100
1100
1100
1100
1100
1100
1105
1105
1105
1105
1105
1105
1105
1105
1105
1105
1105
1105
1105
1105
1105
1105
1105
1105
1105
1105
1105
1105
1105
1105
1105
1105
1105
1105
1105
1105
1105
1105
1105
1105
1105
1105
1105
1105
1105
1105
1105
1110
1110
1110
1110
1110
1110
1110
1110
1110
1110
1110
1110
1110
1110
1110
1110
1110
1110
1110
1110
1110
1110
1110
1110
1110
1110
1110
1110
1110
1110
1110
1110
1110
1110
1110
1110
1115
1115
1115
1115
1115
1115
1115
1115
1115
1115
1115
1115
1115
1115
1115
1115
1115
1115
1115
1115
1115
1115
1115
1115
1115
1115
1115
1115
1115
1115
1120
1120
1120
1120
1120
1120
1120
1120
1120
1120
1120
1120
1120
1120
1120
1120
1120
1120
1120
1120
1120
1120
1120
1120
1120
1120
1125
1125
1125
1125
1125
1125
1125
1125
1125
1125
1125
1125
1125
1125
1125
1125
1125
1125
1125
1125
1125
1125
1125
1125
1125
1125
1125
1125
1130
1130
1130
1130
1130
1130
1130
1130
1130
1130
1130
1130
1130
1130
1130
1130
1130
1130
1130
1130
1130
1130
1130
1130
1130
1130
1130
1130
1130
1130
1130
1130
1130
1135
1135
1135
1135
1135
1135
1135
1135
1135
1135
1135
1135
1135
1135
1135
1135
1135
1135
1135
1135
1135
1135
1135
1135
1135
1135
1135
1135
1135
1135
1135
1135
1135
1135
1135
1135
1135
1135
1135
1140
1140
1140
1140
1140
1140
1140
1140
1140
1140
1140
1140
1140
1140
1140
1140
1140
1140
1140
1140
1140
1140
1140
1140
1140
1140
1140
1140
1140
1140
1140
1140
1140
1140
1140
1140
1140
1140
1140
1140
1140
1140
1140
1140
1140
1145
1145
1145
1145
1145
1145
1145
1145
1145
1145
1145
1145
1145
1145
1145
1145
1145
1145
1145
1145
1145
1145
1145
1145
1145
1145
1145
1145
1145
1145
1145
1145
1145
1145
1145
1145
1145
1145
1145
1145
1145
1145
1145
1145
1145
1145
1145
1145
1145
1145
1145
1150
1150
1150
1150
1150
1150
1150
1150
1150
1150
1150
1150
1150
1150
1150
1150
1150
1150
1150
1150
1150
1150
1150
1150
1150
1150
1150
1150
1150
1150
1150
1150
1150
1150
1150
1150
1150
1150
1150
1150
1150
1150
1150
1150
1150
1150
1150
1150
1150
1150
1150
1150
1150
1150
1150
1150
1155
1155
1155
1155
1155
1155
1155
1155
1155
1155
1155
1155
1155
1155
1155
1155
1155
1155
1155
1155
1155
1155
1155
1155
1155
1155
1155
1155
1155
1155
1155
1155
1155
1155
1155
1155
1155
1155
1155
1155
1155
1155
1155
1155
1155
1155
1155
1155
1155
1155
1155
1155
1155
1155
1155
1155
1160
1160
1160
1160
1160
1160
1160
1160
1160
1160
1160
1160
1160
1160
1160
1160
1160
1160
1160
1160
1160
1160
1160
1160
1160
1160
1160
1160
1160
1160
1160
1160
1160
1160
1160
1160
1160
1160
1160
1160
1160
1160
1160
1160
1160
1160
1160
1160
1160
1160
1160
1160
1160
1165
1165
1165
1165
1165
1165
1165
1165
1165
1165
1165
1165
1165
1165
1165
1165
1165
1165
1165
1165
1165
1165
1165
1165
1165
1165
1165
1165
1165
1165
1165
1165
1165
1165
1165
1165
1165
1165
1165
1165
1165
1165
1165
1165
1165
1165
1165
1165
1165
1165
1165
1165
1165
1165
1170
1170
1170
1170
1170
1170
1170
1170
1170
1170
1170
1170
1170
1170
1170
1170
1170
1170
1170
1170
1170
1170
1170
1170
1170
1170
1170
1170
1170
1170
1170
1170
1170
1170
1170
1170
1170
1170
1170
1170
1170
1170
1170
1170
1170
1170
1170
1170
1170
1170
1170
1175
1175
1175
1175
1175
1175
1175
1175
1175
1175
1175
1175
1175
1175
1175
1175
1175
1175
1175
1175
1175
1175
1175
1175
1175
1175
1175
1175
1175
1175
1175
1175
1175
1175
1175
1175
1175
1175
1175
1175
1175
1175
1175
1175
1175
1175
1180
1180
1180
1180
1180
1180
1180
1180
1180
1180
1180
1180
1180
1180
1180
1180
1180
1180
1180
1180
1180
1180
1180
1180
1180
1180
1180
1180
1180
1180
1180
1180
1180
1180
1180
1180
1180
1180
1180
1180
1180
1185
1185
1185
1185
1185
1185
1185
1185
1185
1185
1185
1185
1185
1185
1185
1185
1185
1185
1185
1185
1185
1185
1185
1185
1185
1185
1185
1185
1185
1185
1185
1185
1185
1185
1185
1185
1190
1190
1190
1190
1190
1190
1190
1190
1190
1190
1190
1190
1190
1190
1190
1190
1190
1190
1190
1190
1190
1190
1190
1190
1190
1190
1190
1190
1190
1190
1190
1195
1195
1195
1195
1195
1195
1195
1195
1195
1195
1195
1195
1195
1195
1195
1195
1195
1195
1195
1195
1195
1195
1195
1195
1195
1195
1200
1200
1200
1200
1200
1200
1200
1200
1200
1200
1200
1200
1200
1200
1200
1200
1200
1200
1200
1200
1200
1205
1205
1205
1205
1205
1205
1205
1205
1205
1205
1205
1205
1205
1205
1205
1205
1210
1210
1210
1210
1210
1210
1210
1210
1210
1210
1210
1215
1215
1215
1215
1215
1215
1220
1255
1255
1255
1255
1255
1255
1255
1255
1255
1255
1255
1255
1255
1255
1255
1255
1255
1255
1255
1255
1255
1255
1255
1255
1255
1255
1255
1255
1255
1255
1255
1255
1255
1255
1255
1255
1255
1255
1255
1255
1255
1255
1255
1255
1255
1255
1255
1255
1255
1255
1255
1255
1255
1255
1255
1255
1255
1255
1255
1255
1255
1255
1255
1255
1255
1255
1260
1260
1260
1260
1260
1260
1260
1260
1260
1260
1260
1260
1260
1260
1260
1260
1260
1260
1260
1260
1260
1260
1260
1260
1260
1260
1260
1260
1260
1260
1260
1260
1260
1260
1260
1260
1260
1260
1260
1260
1260
1260
1260
1260
1260
1260
1260
1260
1260
1260
1260
1260
1260
1260
1260
1260
1260
1260
1260
1260
1260
1260
1260
1260
1260
1260
1265
1265
1265
1265
1265
1265
1265
1265
1265
1265
1265
1265
1265
1265
1265
1265
1265
1265
1265
1265
1265
1265
1265
1265
1265
1265
1265
1265
1265
1265
1265
1265
1265
1265
1265
1265
1265
1265
1265
1265
1265
1265
1265
1265
1265
1265
1265
1265
1265
1265
1265
1265
1265
1265
1265
1265
1265
1265
1265
1265
1265
1265
1265
1265
1265
1265
1270
1270
1270
1270
1270
1270
1270
1270
1270
1270
1270
1270
1270
1270
1270
1270
1270
1270
1270
1270
1270
1270
1270
1270
1270
1270
1270
1270
1270
1270
1270
1270
1270
1270
1270
1270
1270
1270
1270
1270
1270
1270
1270
1270
1270
1270
1270
1270
1270
1270
1270
1270
1270
1270
1270
1270
1270
1270
1270
1270
1270
1270
1270
1270
1270
1270
1275
1275
1275
1275
1275
1275
1275
1275
1275
1275
1275
1275
1275
1275
1275
1275
1275
1275
1275
1275
1275
1275
1275
1275
1275
1275
1275
1275
1275
1275
1275
1275
1275
1275
1275
1275
1275
1275
1275
1275
1275
1275
1275
1275
1275
1275
1275
1275
1275
1275
1275
1275
1275
1275
1275
1275
1275
1275
1275
1275
1275
1275
1275
1275
1275
1275
1280
1280
1280
1280
1280
1280
1280
1280
1280
1280
1280
1280
1280
1280
1280
1280
1280
1280
1280
1280
1280
1280
1280
1280
1280
1280
1280
1280
1280
1280
1280
1280
1280
1280
1280
1280
1280
1280
1280
1280
1280
1280
1280
1280
1280
1280
1280
1280
1280
1280
1280
1280
1280
1280
1280
1280
1280
1280
1280
1280
1280
1280
1280
1280
1280
1280
1285
1285
1285
1285
1285
1285
1285
1285
1285
1285
1285
1285
1285
1285
1285
1285
1285
1285
1285
1285
1285
1285
1285
1285
1285
1285
1285
1285
1285
1285
1285
1285
1285
1285
1285
1285
1285
1285
1285
1285
1285
1285
1285
1285
1285
1285
1285
1285
1285
1285
1285
1285
1285
1285
1285
1285
1285
1285
1285
1285
1285
1285
1285
1285
1285
1285
1290
1290
1290
1290
1290
1290
1290
1290
1290
1290
1290
1290
1290
1290
1290
1290
1290
1290
1290
1290
1290
1290
1290
1290
1290
1290
1290
1290
1290
1290
1290
1290
1290
1290
1290
1290
1290
1290
1290
1290
1290
1290
1290
1290
1290
1290
1290
1290
1290
1290
1290
1290
1290
1290
1290
1290
1290
1290
1290
1290
1290
1290
1290
1290
1290
1290
1295
1295
1295
1295
1295
1295
1295
1295
1295
1295
1295
1295
1295
1295
1295
1295
1295
1295
1295
1295
1295
1295
1295
1295
1295
1295
1295
1295
1295
1295
1295
1295
1295
1295
1295
1295
1295
1295
1295
1295
1295
1295
1295
1295
1295
1295
1295
1295
1295
1295
1295
1295
1295
1295
1295
1295
1295
1295
1295
1295
1295
1295
1295
1295
1295
1295
1300
1300
1300
1300
1300
1300
1300
1300
1300
1300
1300
1300
1300
1300
1300
1300
1300
1300
1300
1300
1300
1300
1300
1300
1300
1300
1300
1300
1300
1300
1300
1300
1300
1300
1300
1300
1300
1300
1300
1300
1300
1300
1300
1300
1300
1300
1300
1300
1300
1300
1300
1300
1300
1300
1300
1300
1300
1300
1300
1300
1300
1300
1300
1300
1300
1300
1305
1305
1305
1305
1305
1305
1305
1305
1305
1305
1305
1305
1305
1305
1305
1305
1305
1305
1305
1305
1305
1305
1305
1305
1305
1305
1305
1305
1305
1305
1305
1305
1305
1305
1305
1305
1305
1305
1305
1305
1305
1305
1305
1305
1305
1305
1305
1305
1305
1305
1305
1305
1305
1305
1305
1305
1305
1305
1305
1305
1305
1305
1305
1305
1305
1305
1310
1310
1310
1310
1310
1310
1310
1310
1310
1310
1310
1310
1310
1310
1310
1310
1310
1310
1310
1310
1310
1310
1310
1310
1310
1310
1310
1310
1310
1310
1310
1310
1310
1310
1310
1310
1310
1310
1310
1310
1310
1310
1310
1310
1310
1310
1310
1310
1310
1310
1310
1310
1310
1310
1310
1310
1310
1310
1310
1310
1310
1310
1310
1310
1310
1310
1315
1315
1315
1315
1315
1315
1315
1315
1315
1315
1315
1320
1320
1320
1320
1320
1320
1320
1320
1320
1320
1320
1325
1325
1325
1325
1325
1325
1325
1325
1325
1325
1325
1330
1330
1330
1330
1330
1330
1330
1330
1330
1330
1330
1335
1335
1335
1335
1335
1335
1335
1335
1335
1335
1335
1340
1340
1340
1340
1340
1340
1340
1340
1340
1340
1340
1345
1345
1345
1345
1345
1345
1345
1345
1345
1345
1345
1350
1350
1350
1350
1350
1350
1350
1350
1350
1350
1350
1355
1355
1355
1355
1355
1355
1355
1355
1355
1355
1355
1360
1360
1360
1360
1360
1360
1360
1360
1360
1360
1360
1365
1365
1365
1365
1365
1365
1365
1365
1365
1365
1365
1370
1370
1370
1370
1370
1370
1370
1370
1370
1370
1370
1375
1375
1375
1375
1375
1375
1375
1375
1375
1375
1375
1380
1380
1380
1380
1380
1380
1380
1380
1380
1380
1380
1410
1415
1415
1415
1415
1415
1415
1420
1420
1420
1420
1420
1420
1420
1420
1420
1420
1420
1425
1425
1425
1425
1425
1425
1425
1425
1425
1425
1425
1425
1425
1425
1425
1425
1430
1430
1430
1430
1430
1430
1430
1430
1430
1430
1430
1430
1430
1430
1430
1430
1430
1430
1430
1430
1430
1435
1435
1435
1435
1435
1435
1435
1435
1435
1435
1435
1435
1435
1435
1435
1435
1435
1435
1435
1435
1435
1435
1435
1435
1435
1435
1440
1440
1440
1440
1440
1440
1440
1440
1440
1440
1440
1440
1440
1440
1440
1440
1440
1440
1440
1440
1440
1440
1440
1440
1440
1440
1440
1440
1440
1440
1440
1445
1445
1445
1445
1445
1445
1445
1445
1445
1445
1445
1445
1445
1445
1445
1445
1445
1445
1445
1445
1445
1445
1445
1445
1445
1445
1445
1445
1445
1445
1445
1445
1445
1445
1445
1445
1450
1450
1450
1450
1450
1450
1450
1450
1450
1450
1450
1450
1450
1450
1450
1450
1450
1450
1450
1450
1450
1450
1450
1450
1450
1450
1450
1450
1450
1450
1450
1450
1450
1450
1450
1450
1450
1450
1450
1450
1450
1455
1455
1455
1455
1455
1455
1455
1455
1455
1455
1455
1455
1455
1455
1455
1455
1455
1455
1455
1455
1455
1455
1455
1455
1455
1455
1455
1455
1455
1455
1455
1455
1455
1455
1455
1455
1455
1455
1455
1455
1455
1455
1455
1455
1455
1455
1460
1460
1460
1460
1460
1460
1460
1460
1460
1460
1460
1460
1460
1460
1460
1460
1460
1460
1460
1460
1460
1460
1460
1460
1460
1460
1460
1460
1460
1460
1460
1460
1460
1460
1460
1460
1460
1460
1460
1460
1460
1460
1460
1460
1460
1460
1460
1460
1460
1460
1460
1465
1465
1465
1465
1465
1465
1465
1465
1465
1465
1465
1465
1465
1465
1465
1465
1465
1465
1465
1465
1465
1465
1465
1465
1465
1465
1465
1465
1465
1465
1465
1465
1465
1465
1465
1465
1465
1465
1465
1465
1465
1465
1465
1465
1465
1465
1465
1465
1465
1465
1465
1465
1465
1470
1470
1470
1470
1470
1470
1470
1470
1470
1470
1470
1470
1470
1470
1470
1470
1470
1470
1470
1470
1470
1470
1470
1470
1470
1470
1470
1470
1470
1470
1470
1470
1470
1470
1470
1470
1470
1470
1470
1470
1470
1470
1470
1470
1470
1470
1470
1470
1470
1470
1470
1470
1475
1475
1475
1475
1475
1475
1475
1475
1475
1475
1475
1475
1475
1475
1475
1475
1475
1475
1475
1475
1475
1475
1475
1475
1475
1475
1475
1475
1475
1475
1475
1475
1475
1475
1475
1475
1475
1475
1475
1475
1475
1475
1475
1475
1475
1475
1475
1475
1475
1475
1475
1475
1475
1475
1475
1475
1480
1480
1480
1480
1480
1480
1480
1480
1480
1480
1480
1480
1480
1480
1480
1480
1480
1480
1480
1480
1480
1480
1480
1480
1480
1480
1480
1480
1480
1480
1480
1480
1480
1480
1480
1480
1480
1480
1480
1480
1480
1480
1480
1480
1480
1480
1480
1480
1480
1480
1480
1480
1480
1480
1485
1485
1485
1485
1485
1485
1485
1485
1485
1485
1485
1485
1485
1485
1485
1485
1485
1485
1485
1485
1485
1485
1485
1485
1485
1485
1485
1485
1485
1485
1485
1485
1485
1485
1485
1485
1485
1485
1485
1485
1485
1485
1485
1485
1485
1485
1485
1485
1490
1490
1490
1490
1490
1490
1490
1490
1490
1490
1490
1490
1490
1490
1490
1490
1490
1490
1490
1490
1490
1490
1490
1490
1490
1490
1490
1490
1490
1490
1490
1490
1490
1490
1490
1490
1490
1490
1490
1490
1490
1490
1495
1495
1495
1495
1495
1495
1495
1495
1495
1495
1495
1495
1495
1495
1495
1495
1495
1495
1495
1495
1495
1495
1495
1495
1495
1495
1495
1495
1495
1495
1495
1495
1495
1495
1495
1495
1500
1500
1500
1500
1500
1500
1500
1500
1500
1500
1500
1500
1500
1500
1500
1500
1500
1500
1500
1500
1500
1500
1500
1500
1500
1500
1500
1500
1500
1500
1505
1505
1505
1505
1505
1505
1505
1505
1505
1505
1505
1505
1505
1505
1505
1505
1505
1505
1505
1505
1505
1505
1505
1505
1505
1505
1510
1510
1510
1510
1510
1510
1510
1510
1510
1510
1510
1510
1510
1510
1510
1510
1510
1510
1510
1510
1510
1510
1510
1510
1510
1510
1510
1515
1515
1515
1515
1515
1515
1515
1515
1515
1515
1515
1515
1515
1515
1515
1515
1515
1515
1515
1515
1515
1515
1515
1515
1515
1515
1515
1515
1515
1515
1515
1515
1515
1520
1520
1520
1520
1520
1520
1520
1520
1520
1520
1520
1520
1520
1520
1520
1520
1520
1520
1520
1520
1520
1520
1520
1520
1520
1520
1520
1520
1520
1520
1520
1520
1520
1520
1520
1520
1520
1520
1520
1525
1525
1525
1525
1525
1525
1525
1525
1525
1525
1525
1525
1525
1525
1525
1525
1525
1525
1525
1525
1525
1525
1525
1525
1525
1525
1525
1525
1525
1525
1525
1525
1525
1525
1525
1525
1525
1525
1525
1525
1525
1525
1525
1525
1525
1530
1530
1530
1530
1530
1530
1530
1530
1530
1530
1530
1530
1530
1530
1530
1530
1530
1530
1530
1530
1530
1530
1530
1530
1530
1530
1530
1530
1530
1530
1530
1530
1530
1530
1530
1530
1530
1530
1530
1530
1530
1530
1530
1530
1530
1530
1530
1530
1530
1530
1535
1535
1535
1535
1535
1535
1535
1535
1535
1535
1535
1535
1535
1535
1535
1535
1535
1535
1535
1535
1535
1535
1535
1535
1535
1535
1535
1535
1535
1535
1535
1535
1535
1535
1535
1535
1535
1535
1535
1535
1535
1535
1535
1535
1535
1535
1535
1535
1535
1535
1535
1535
1535
1535
1535
1535
1540
1540
1540
1540
1540
1540
1540
1540
1540
1540
1540
1540
1540
1540
1540
1540
1540
1540
1540
1540
1540
1540
1540
1540
1540
1540
1540
1540
1540
1540
1540
1540
1540
1540
1540
1540
1540
1540
1540
1540
1540
1540
1540
1540
1540
1540
1540
1540
1540
1540
1540
1540
1540
1540
1540
1540
1545
1545
1545
1545
1545
1545
1545
1545
1545
1545
1545
1545
1545
1545
1545
1545
1545
1545
1545
1545
1545
1545
1545
1545
1545
1545
1545
1545
1545
1545
1545
1545
1545
1545
1545
1545
1545
1545
1545
1545
1545
1545
1545
1545
1545
1545
1545
1545
1545
1545
1545
1545
1545
1550
1550
1550
1550
1550
1550
1550
1550
1550
1550
1550
1550
1550
1550
1550
1550
1550
1550
1550
1550
1550
1550
1550
1550
1550
1550
1550
1550
1550
1550
1550
1550
1550
1550
1550
1550
1550
1550
1550
1550
1550
1550
1550
1550
1550
1550
1550
1550
1550
1550
1550
1550
1550
1550
1555
1555
1555
1555
1555
1555
1555
1555
1555
1555
1555
1555
1555
1555
1555
1555
1555
1555
1555
1555
1555
1555
1555
1555
1555
1555
1555
1555
1555
1555
1555
1555
1555
1555
1555
1555
1555
1555
1555
1555
1555
1555
1555
1555
1555
1555
1555
1555
1555
1555
1555
1560
1560
1560
1560
1560
1560
1560
1560
1560
1560
1560
1560
1560
1560
1560
1560
1560
1560
1560
1560
1560
1560
1560
1560
1560
1560
1560
1560
1560
1560
1560
1560
1560
1560
1560
1560
1560
1560
1560
1560
1560
1560
1560
1560
1560
1560
1565
1565
1565
1565
1565
1565
1565
1565
1565
1565
1565
1565
1565
1565
1565
1565
1565
1565
1565
1565
1565
1565
1565
1565
1565
1565
1565
1565
1565
1565
1565
1565
1565
1565
1565
1565
1565
1565
1565
1565
1565
1570
1570
1570
1570
1570
1570
1570
1570
1570
1570
1570
1570
1570
1570
1570
1570
1570
1570
1570
1570
1570
1570
1570
1570
1570
1570
1570
1570
1570
1570
1570
1570
1570
1570
1570
1570
1575
1575
1575
1575
1575
1575
1575
1575
1575
1575
1575
1575
1575
1575
1575
1575
1575
1575
1575
1575
1575
1575
1575
1575
1575
1575
1575
1575
1575
1575
1575
1580
1580
1580
1580
1580
1580
1580
1580
1580
1580
1580
1580
1580
1580
1580
1580
1580
1580
1580
1580
1580
1580
1580
1580
1580
1580
1585
1585
1585
1585
1585
1585
1585
1585
1585
1585
1585
1585
1585
1585
1585
1585
1585
1585
1585
1585
1585
1590
1590
1590
1590
1590
1590
1590
1590
1590
1590
1590
1590
1590
1590
1590
1590
1595
1595
1595
1595
1595
1595
1595
1595
1595
1595
1595
1600
1600
1600
1600
1600
1600