15
30
15
30
45
60
75
90
105
15
30
45
60
75
90
105
120
135
150
165
180
60
75
90
105
120
135
150
165
180
195
210
225
240
150
165
180
195
210
225
240
165
180
195
210
225
240
75
90
105
120
135
150
165
180
195
210
225
240
15
30
45
60
75
90
105
120
135
150
165
180
15
30
45
60
75
90
105
15
30
45
180
195
210
225
240
105
120
135
150
165
180
195
210
225
240
30
45
60
75
90
105
120
135
150
165
180
195
210
225
15
30
45
60
75
90
105
120
135
195
210
15
30
45
60
75
195
210
15
30
45
60
75
90
105
120
135
150
165
195
210
60
75
90
105
120
135
150
165
180
195
210
225
240
135
150
165
180
195
210
225
240
210
225
240
15
30
45
60
75
90
105
120
135
150
165
180
195
210
225
240
15
30
45
60
75
90
105
120
135
150
165
180
195
210
225
240
15
30
45
60
75
90
105
120
135
150
165
180
195
210
225
240
45
60
75
90
180
195
210
30
45
60
75
90
105
180
195
210
225
240
15
30
45
60
75
90
105
120
180
195
210
225
240
15
30
45
90
105
120
135
210
225
240
15
30
105
120
135
150
225
240
15
30
120
135
150
165
225
240
15
30
45
60
75
135
150
165
180
195
210
225
240
15
30
45
60
75
135
150
165
180
195
210
225
240
45
60
75
165
180
195
210
225
210
225
240
135
150
165
180
195
210
225
240
60
75
90
105
120
135
150
165
180
195
210
225
240
15
30
45
60
75
90
105
120
135
150
165
195
210
15
30
45
60
75
195
210
15
30
45
60
75
90
105
120
135
195
210
30
45
60
75
90
105
120
135
150
165
180
195
210
225
105
120
135
150
165
180
195
210
225
240
180
195
210
225
240
15
30
45
60
75
90
105
120
135
150
165
180
195
210
225
240
15
30
45
60
75
90
105
120
135
150
165
180
195
210
225
240
15
30
45
60
75
90
105
120
135
150
165
180
195
210
225
240
225
240
225
240
225
240
195
210
225
240
120
135
150
165
180
195
210
225
240
45
60
75
90
105
120
135
150
165
180
195
210
225
240
15
30
45
60
75
90
105
120
135
150
195
210
15
30
45
60
195
210
15
30
45
60
75
90
105
120
135
150
195
210
30
45
60
75
90
105
120
135
150
165
180
195
210
225
240
105
120
135
150
165
180
195
210
225
240
180
195
210
225
240
