320
340
340
340
340
340
340
360
360
360
360
360
360
360
360
360
360
360
380
380
380
380
380
380
380
380
380
380
380
380
400
400
400
400
400
400
400
420
420
420
420
420
440
440
440
440
440
440
440
440
440
440
460
460
460
460
460
460
460
460
460
460
460
480
480
480
480
480
480
480
500
500
520
520
520
540
540
540
540
540
540
540
540
560
560
560
560
560
560
560
560
560
560
560
580
580
580
580
580
580
580
580
580
580
580
600
600
600
600
600
600
620
620
620
620
620
620
620
620
620
620
640
640
640
640
640
640
640
640
640
640
640
640
660
660
660
660
660
660
660
660
660
660
680
680
680
680
680
740
740
740
740
740
740
740
740
740
740
740
740
740
740
740
740
740
760
760
760
760
760
760
760
760
760
760
760
760
760
760
760
760
760
780
780
780
780
780
780
780
780
780
780
780
780
780
780
780
780
780
840
840
840
840
840
840
840
860
860
860
860
860
860
860
860
860
860
860
880
880
880
880
880
880
880
880
880
880
880
880
900
900
900
900
900
900
900
920
920
920
920
920
920
920
940
940
940
940
940
940
940
940
940
960
960
960
960
960
960
960
960
960
960
960
980
980
980
980
980
980
980
980
980
980
1000
1000
1000
1040
1040
1040
1060
1060
1060
1060
1060
1060
1060
1060
1080
1080
1080
1080
1080
1080
1080
1080
1080
1080
1080
1100
1100
1100
1100
1100
1100
1100
1100
1100
1100
1100
1120
1120
1120
1120
1120
1120
1140
1140
1140
1140
1140
1140
1140
1140
1140
1140
1140
1160
1160
1160
1160
1160
1160
1160
1160
1160
1160
1160
1160
1180
1180
1180
1180
1180
1180
1180
1180
1180
1180
1200
1200
1200
1200
1200
1260
1260
1260
1260
1260
1260
1260
1260
1260
1260
1260
1260
1260
1260
1260
1260
1260
1280
1280
1280
1280
1280
1280
1280
1280
1280
1280
1280
1280
1280
1280
1280
1280
1280
1300
1300
1300
1300
1300
1300
1300
1300
1300
1300
1300
1300
1300
1300
1300
1300
1300
1320
1320
1320
1340
1340
1340
1360
1360
1360
1420
1420
1440
1440
1440
1440
1440
1440
1440
1460
1460
1460
1460
1460
1460
1460
1460
1460
1460
1460
1460
1480
1480
1480
1480
1480
1480
1480
1480
1480
1480
1480
1480
1480
1500
1500
1500
1500
1500
1500
1500
1520
1520
1520
1520
1520
1520
1520
1520
1520
1540
1540
1540
1540
1540
1540
1540
1540
1540
1540
1540
1540
1540
1560
1560
1560
1560
1560
1560
1560
1560
1560
1560
1560
1580
1580
1580
1580
1580
1580
1600