16
32
48
64
80
16
32
48
64
80
96
112
128
144
160
48
64
80
96
112
128
144
160
176
192
208
224
240
144
160
176
192
208
224
240
144
160
176
192
208
224
240
64
80
96
112
128
144
160
176
192
208
224
240
16
32
48
64
80
96
112
128
144
160
16
32
48
64
80
224
240
144
160
176
192
208
224
240
64
80
96
112
128
144
160
176
192
208
224
240
16
32
48
64
80
96
112
128
144
160
176
192
208
16
32
48
64
80
176
192
208
16
32
48
64
80
96
112
128
176
192
208
32
48
64
80
96
112
128
144
160
176
192
208
224
112
128
144
160
176
192
208
224
240
192
208
224
240
16
32
48
64
80
96
112
128
144
160
176
192
208
224
240
16
32
48
64
80
96
112
128
144
160
176
192
208
224
240
32
48
64
80
96
176
192
208
16
32
48
64
80
96
112
176
192
208
224
240
16
32
48
64
80
96
112
128
176
192
208
224
240
0
16
32
96
112
128
224
240
0
16
32
112
128
144
224
240
16
32
48
64
128
144
160
176
192
208
224
240
16
32
48
64
128
144
160
176
192
208
224
240
32
48
64
144
160
176
192
208
224
208
224
240
128
144
160
176
192
208
224
240
48
64
80
96
112
128
144
160
176
192
208
224
240
16
32
48
64
80
96
112
128
144
176
192
208
16
32
48
64
176
192
208
16
32
48
64
80
96
112
128
144
176
192
208
48
64
80
96
112
128
144
160
176
192
208
224
240
128
144
160
176
192
208
224
240
208
224
240
16
32
48
64
80
96
112
128
144
160
176
192
208
224
240
16
32
48
64
80
96
112
128
144
160
176
192
208
224
240
16
32
48
64
80
96
112
128
144
160
176
192
208
224
240
208
224
240
208
224
240
208
224
240
176
192
208
224
240
96
112
128
144
160
176
192
208
224
240
16
32
48
64
80
96
112
128
144
160
176
192
208
16
32
48
64
80
96
112
176
192
208
16
32
48
64
80
96
176
192
208
16
32
48
64
80
96
112
128
144
160
176
192
208
80
96
112
128
144
160
176
192
208
224
240
160
176
192
208
224
240
240
