16
16
16
16
16
32
32
32
32
32
32
32
32
32
32
48
48
48
48
48
48
48
48
48
48
48
48
48
64
64
64
64
64
64
64
80
80
80
80
80
80
80
96
96
96
96
96
96
96
96
96
96
96
96
112
112
112
112
112
112
112
112
112
112
128
128
128
128
128
144
144
160
160
160
160
160
160
160
176
176
176
176
176
176
176
176
176
176
176
176
192
192
192
192
192
192
192
192
192
192
192
192
192
208
208
208
208
208
208
208
208
224
224
224
224
224
224
224
224
224
224
224
240
240
240
240
240
240
240
240
240
240
240
240
240
256
256
256
256
256
256
256
256
256
272
272
272
272
320
320
320
320
320
320
320
320
320
320
320
320
320
320
320
336
336
336
336
336
336
336
336
336
336
336
336
336
336
336
384
384
384
384
384
384
384
384
400
400
400
400
400
400
400
400
400
400
400
400
416
416
416
416
416
416
416
416
416
416
416
416
416
432
432
432
432
432
432
432
432
448
448
448
448
448
448
448
448
464
464
464
464
464
464
464
464
464
464
464
464
480
480
480
480
480
480
480
480
480
480
480
480
496
496
496
496
496
496
496
496
496
528
528
528
544
544
544
544
544
544
544
544
560
560
560
560
560
560
560
560
560
560
560
560
560
576
576
576
576
576
576
576
576
576
576
576
576
592
592
592
592
592
592
592
608
608
608
608
608
608
608
608
608
608
608
608
624
624
624
624
624
624
624
624
624
624
624
624
624
640
640
640
640
640
640
640
640
656
656
656
688
688
688
688
688
688
688
688
688
688
688
688
688
688
688
704
704
704
704
704
704
704
704
704
704
704
704
704
704
704
720
720
720
720
720
720
720
720
720
720
720
720
720
720
720
736
736
736
752
752
752
768
768
768
816
816
816
816
816
832
832
832
832
832
832
832
832
832
832
848
848
848
848
848
848
848
848
848
848
848
848
848
864
864
864
864
864
864
864
864
864
864
880
880
880
880
880
880
880
880
880
896
896
896
896
896
896
896
896
896
896
896
896
896
912
912
912
912
912
912
912
912
912
912
912
928
928
928
928
928
928
944
