33
33
33
33
44
44
44
44
44
44
44
44
44
55
55
55
55
55
55
55
55
55
55
55
55
55
55
66
66
66
66
66
66
66
66
66
66
66
66
66
66
66
66
66
66
66
77
77
77
77
77
77
77
77
77
77
77
77
77
77
77
77
77
88
88
88
88
88
88
88
88
88
88
88
99
99
99
99
99
99
110
110
110
110
110
110
110
110
110
110
110
121
121
121
121
121
121
121
121
121
121
121
121
121
121
121
121
121
132
132
132
132
132
132
132
132
132
132
132
132
132
132
132
132
132
132
132
143
143
143
143
143
143
143
143
143
143
143
143
143
143
154
154
154
154
154
154
154
154
154
165
165
165
165
165
176
176
176
176
176
176
187
187
187
187
187
187
187
187
187
187
198
198
198
198
198
198
198
198
198
198
198
198
198
198
198
209
209
209
209
209
209
209
209
209
209
209
209
209
209
209
209
209
209
209
220
220
220
220
220
220
220
220
220
220
220
220
220
220
220
220
220
220
231
231
231
231
231
231
231
231
231
231
231
231
242
242
242
242
242
242
242
242
242
242
242
253
253
253
253
253
253
253
253
253
253
253
253
253
253
253
253
253
264
264
264
264
264
264
264
264
264
264
264
264
264
264
264
264
264
264
264
275
275
275
275
275
275
275
275
275
275
275
275
275
275
275
275
286
286
286
286
286
286
286
286
286
286
286
297
297
297
297
297
297
308
341
341
341
341
341
341
341
341
341
341
341
341
341
341
341
341
341
341
341
341
341
341
352
352
352
352
352
352
352
352
352
352
352
352
352
352
352
352
352
352
352
352
352
352
363
363
363
363
363
363
363
363
363
363
363
363
363
363
363
363
363
363
363
363
363
363
374
374
374
374
374
374
374
374
374
374
374
374
374
374
374
374
374
374
374
374
374
374
407
407
407
407
407
407
407
407
407
418
418
418
418
418
418
418
418
418
418
418
418
418
418
429
429
429
429
429
429
429
429
429
429
429
429
429
429
429
429
440
440
440
440
440
440
440
440
440
440
440
440
440
440
440
440
440
440
451
451
451
451
451
451
451
451
451
451
451
451
451
462
462
462
462
462
462
462
462
462
462
462
462
473
473
473
473
473
473
473
473
473
473
473
473
484
484
484
484
484
484
484
484
484
484
484
484
484
495
495
495
495
495
495
495
495
495
495
495
495
495
495
495
495
495
495
506
506
506
506
506
506
506
506
506
506
506
506
506
506
506
506
506
517
517
517
517
517
517
517
517
517
517
517
517
517
517
517
528
528
528
528
528
528
528
528
528
550
550
561
561
561
561
561
561
561
572
572
572
572
572
572
572
572
572
572
572
572
583
583
583
583
583
583
583
583
583
583
583
583
583
583
583
583
583
594
594
594
594
594
594
594
594
594
594
594
594
594
594
594
594
594
594
594
605
605
605
605
605
605
605
605
605
605
605
605
605
605
605
605
616
616
616
616
616
616
616
616
616
616
627
627
627
627
627
627
627
627
627
627
627
627
627
627
638
638
638
638
638
638
638
638
638
638
638
638
638
638
638
638
638
638
638
649
649
649
649
649
649
649
649
649
649
649
649
649
649
649
649
649
649
649
660
660
660
660
660
660
660
660
660
660
660
660
660
660
671
671
671
671
671
671
671
671
671
682
682
682
682
715
715
715
715
715
715
715
715
715
715
715
715
715
715
715
715
715
715
715
715
715
715
726
726
726
726
726
726
726
726
726
726
726
726
726
726
726
726
726
726
726
726
726
726
737
737
737
737
737
737
737
737
737
737
737
737
737
737
737
737
737
737
737
737
737
737
748
748
748
748
748
748
748
748
748
748
748
748
748
748
748
748
748
748
748
748
748
748
759
759
759
770
770
770
781
781
781
792
792
792
803
803
803
836
836
836
836
847
847
847
847
847
847
847
847
847
858
858
858
858
858
858
858
858
858
858
858
858
858
858
869
869
869
869
869
869
869
869
869
869
869
869
869
869
869
869
869
869
869
880
880
880
880
880
880
880
880
880
880
880
880
880
880
880
880
880
880
880
891
891
891
891
891
891
891
891
891
891
891
891
891
891
902
902
902
902
902
902
902
902
902
902
913
913
913
913
913
913
913
913
913
913
913
913
913
913
913
924
924
924
924
924
924
924
924
924
924
924
924
924
924
924
924
924
924
924
935
935
935
935
935
935
935
935
935
935
935
935
935
935
935
935
935
935
946
946
946
946
946
946
946
946
946
946
946
946
946
957
957
957
957
957
957
957
957
968
968