11
22
33
44
11
22
33
44
55
66
77
88
99
11
22
33
44
55
66
77
88
99
110
121
132
143
154
11
22
33
44
55
66
77
88
99
110
121
132
143
154
165
176
187
198
209
66
77
88
99
110
121
132
143
154
165
176
187
198
209
220
231
242
132
143
154
165
176
187
198
209
220
231
242
187
198
209
220
231
242
132
143
154
165
176
187
198
209
220
231
242
66
77
88
99
110
121
132
143
154
165
176
187
198
209
220
231
242
11
22
33
44
55
66
77
88
99
110
121
132
143
154
165
176
187
198
209
11
22
33
44
55
66
77
88
99
110
121
132
143
154
11
22
33
44
55
66
77
88
99
11
22
33
44
242
187
198
209
220
231
242
143
154
165
176
187
198
209
220
231
242
88
99
110
121
132
143
154
165
176
187
198
209
220
231
242
33
44
55
66
77
88
99
110
121
132
143
154
165
176
187
198
209
220
231
11
22
33
44
55
66
77
88
99
110
121
132
143
154
165
187
198
209
11
22
33
44
55
66
77
88
99
187
198
209
11
22
33
44
55
66
77
88
187
198
209
11
22
33
44
55
66
77
88
99
110
121
132
143
154
187
198
209
22
33
44
55
66
77
88
99
110
121
132
143
154
165
176
187
198
209
220
77
88
99
110
121
132
143
154
165
176
187
198
209
220
231
242
132
143
154
165
176
187
198
209
220
231
242
187
198
209
220
231
242
242
11
22
33
44
55
66
77
88
99
110
121
132
143
154
165
176
187
198
209
220
231
242
11
22
33
44
55
66
77
88
99
110
121
132
143
154
165
176
187
198
209
220
231
242
11
22
33
44
55
66
77
88
99
110
121
132
143
154
165
176
187
198
209
220
231
242
11
22
33
44
55
66
77
88
99
110
121
132
143
154
165
176
187
198
209
220
231
242
44
55
66
77
88
187
198
209
220
22
33
44
55
66
77
88
99
110
187
198
209
220
231
22
33
44
55
66
77
88
99
110
121
187
198
209
220
231
242
11
22
33
44
55
66
77
88
99
110
121
132
187
198
209
220
231
242
11
22
33
44
88
99
110
121
132
220
231
242
253
11
22
33
99
110
121
132
143
220
231
242
253
11
22
33
110
121
132
143
154
220
231
242
253
11
22
33
44
121
132
143
154
165
220
231
242
253
11
22
33
44
55
66
77
132
143
154
165
176
187
198
209
220
231
242
22
33
44
55
66
77
132
143
154
165
176
187
198
209
220
231
242
22
33
44
55
66
77
143
154
165
176
187
198
209
220
231
44
55
66
77
165
176
187
198
209
231
242
176
187
198
209
220
231
242
121
132
143
154
165
176
187
198
209
220
231
242
66
77
88
99
110
121
132
143
154
165
176
187
198
209
220
231
242
11
22
33
44
55
66
77
88
99
110
121
132
143
154
165
176
187
198
209
11
22
33
44
55
66
77
88
99
110
121
132
143
187
198
209
11
22
33
44
55
66
77
187
198
209
11
22
33
44
55
66
77
88
99
110
121
187
198
209
11
22
33
44
55
66
77
88
99
110
121
132
143
154
165
176
187
198
209
44
55
66
77
88
99
110
121
132
143
154
165
176
187
198
209
220
231
242
99
110
121
132
143
154
165
176
187
198
209
220
231
242
154
165
176
187
198
209
220
231
242
209
220
231
242
11
22
33
44
55
66
77
88
99
110
121
132
143
154
165
176
187
198
209
220
231
242
11
22
33
44
55
66
77
88
99
110
121
132
143
154
165
176
187
198
209
220
231
242
11
22
33
44
55
66
77
88
99
110
121
132
143
154
165
176
187
198
209
220
231
242
11
22
33
44
55
66
77
88
99
110
121
132
143
154
165
176
187
198
209
220
231
242
220
231
242
220
231
242
220
231
242
220
231
242
220
231
242
209
220
231
242
154
165
176
187
198
209
220
231
242
99
110
121
132
143
154
165
176
187
198
209
220
231
242
44
55
66
77
88
99
110
121
132
143
154
165
176
187
198
209
220
231
242
11
22
33
44
55
66
77
88
99
110
121
132
143
154
165
176
187
198
209
11
22
33
44
55
66
77
88
99
110
121
187
198
209
11
22
33
44
55
66
77
187
198
209
11
22
33
44
55
66
77
88
99
110
121
132
187
198
209
11
22
33
44
55
66
77
88
99
110
121
132
143
154
165
176
187
198
209
55
66
77
88
99
110
121
132
143
154
165
176
187
198
209
220
231
242
110
121
132
143
154
165
176
187
198
209
220
231
242
165
176
187
198
209
220
231
242
231
242