33
44
55
66
33
44
55
66
77
88
99
110
121
33
44
55
66
77
88
99
110
121
132
143
154
165
176
33
44
55
66
77
88
99
110
121
132
143
154
165
176
187
198
209
220
231
88
99
110
121
132
143
154
165
176
187
198
209
220
231
242
253
264
143
154
165
176
187
198
209
220
231
242
253
264
209
220
231
242
253
264
154
165
176
187
198
209
220
231
242
253
264
88
99
110
121
132
143
154
165
176
187
198
209
220
231
242
253
264
33
44
55
66
77
88
99
110
121
132
143
154
165
176
187
198
209
220
231
33
44
55
66
77
88
99
110
121
132
143
154
165
176
33
44
55
66
77
88
99
110
121
33
44
55
66