350
350
360
360
370
370
410
410
410
420
420
420
440
440
450
450
480
490
540
540
540
550
550
550
560
560
560
560
560
610
610
610
610
610
620
620
620
620
620
630
630
630
630
630
640
640
740
750
750
760
760
760
770
770
770
770
770
780
780
850
850
850
850
850
860
860
860
860
860
870
870
890
890
890
900
900
900
910
910
910
910
910
920
920
930
930
950
950
950
960
960
960
960
960
960
970
970
970
970
970
970
1060
1060
1060
1070
1070
1070
1080
1080
1080
1080
1080
1080
1090
1090
1090
1130
1130
1130
1140
1140
1140
1180
1180
1260
1260
1260
1270
1270
1270
1280
1280
1280
1280
1280
1280
1280
1280
1290
1290
1290
1290
1290
1290
1340
1350
1360
1450
1450
1450
1450
1450
1450
1460
1460
1460
1460
1460
1460
1470
1470
1470
1480
1480
1520
1520
1520
1530
1530
1530
1540
1540
1540
1550
1550
1550
1560
1560
1560
1570
1570
1580
1580