242
253
264
187
198
209
220
231
242
253
264
132
143
154
165
176
187
198
209
220
231
242
253
264
77
88
99
110
121
132
143
154
165
176
187
198
209
220
231
242
253
264
33
44
55
66
77
88
99
110
121
132
143
154
165
176
187
198
209
220
231
33
44
55
66
77
88
99
110
121
132
143
209
220
231
33
44
55
66
77
88
209
220
231
33
44
55
66
77
88
99
110
121
132
143
209
220
231
33
44
55
66
77
88
99
110
121
132
143
154
165
176
187
198
209
220
231
77
88
99
110
121
132
143
154
165
176
187
198
209
220
231
242
253
264
132
143
154
165
176
187
198
209
220
231
242
253
264
187
198
209
220
231
242
253
264
242
253
264