28
42
42
42
42
42
42
56
56
56
56
56
56
56
56
56
56
56
70
70
70
70
70
70
70
70
70
70
70
70
70
70
70
84
84
84
84
84
84
84
84
84
84
98
98
98
98
112
112
112
112
112
112
112
112
112
126
126
126
126
126
126
126
126
126
126
126
126
126
126
126
140
140
140
140
140
140
140
140
140
140
140
140
154
154
154
154
154
154
154
168
168
168
182
182
182
182
182
182
196
196
196
196
196
196
196
196
196
196
196
210
210
210
210
210
210
210
210
210
210
210
210
210
210
210
224
224
224
224
224
224
224
224
224
224
224
224
224
238
238
238
238
238
238
238
238
252
252
252
252
252
252
252
252
252
252
252
252
252
252
266
266
266
266
266
266
266
266
266
266
266
266
266
266
266
266
280
280
280
280
280
280
280
280
280
280
280
294
294
294
294
294
294
308
336
336
336
336
336
336
336
336
336
336
336
336
336
336
336
336
336
336
350
350
350
350
350
350
350
350
350
350
350
350
350
350
350
350
350
350
364
364
364
364
364
364
364
364
364
364
364
364
364
364
364
364
364
364
406
406
406
406
406
406
406
420
420
420
420
420
420
420
420
420
420
420
420
434
434
434
434
434
434
434
434
434
434
434
434
434
434
448
448
448
448
448
448
448
448
448
448
448
462
462
462
462
462
462
462
462
476
476
476
476
476
476
476
476
476
490
490
490
490
490
490
490
490
490
490
490
490
490
490
504
504
504
504
504
504
504
504
504
504
504
504
504
518
518
518
518
518
518
518
518
518
518
532
532
560
560
560
560
560
574
574
574
574
574
574
574
574
574
574
588
588
588
588
588
588
588
588
588
588
588
588
588
588
588
602
602
602
602
602
602
602
602
602
602
602
602
602
602
616
616
616
616
616
616
616
616
630
630
630
630
630
630
630
630
630
630
630
630
644
644
644
644
644
644
644
644
644
644
644
644
644
644
644
658
658
658
658
658
658
658
658
658
658
658
658
672
672
672
672
672
672
672
686
686
714
714
714
714
714
714
714
714
714
714
714
714
714
714
714
714
714
728
728
728
728
728
728
728
728
728
728
728
728
728
728
728
728
728
728
742
742
742
742
742
742
742
742
742
742
742
742
742
742
742
742
742
742
756
756
756
756
756
756
756
756
756
756
756
756
756
756
756
756
756
756
770
770
784
784
784
798
798
798
840
840
840
840
854
854
854
854
854
854
854
854
854
868
868
868
868
868
868
868
868
868
868
868
868
868
868
882
882
882
882
882
882
882
882
882
882
882
882
882
882
882
896
896
896
896
896
896
896
896
896
910
910
910
910
910
910
910
910
910
910
910
924
924
924
924
924
924
924
924
924
924
924
924
924
924
924
938
938
938
938
938
938
938
938
938
938
938
938
938
938
952
952
952
952
952
952
952
952
952
966
966
966
