55
66
77
88
99
110
121
198
209
220
231
242
44
55
66
77
88
99
110
121
132
198
209
220
231
242
253
33
44
55
66
77
88
99
110
121
132
143
198
209
220
231
242
253
264
33
44
55
66
77
88
99
110
121
132
143
154
198
209
220
231
242
253
264
33
44
55
121
132
143
154
165
242
253
264
33
44
55
132
143
154
165
242
253
264
33
44
55
132
143
154
165
176
242
253
264
33
44
55
66
77
88
143
154
165
176
187
198
209
220
231
242
253
264
33
44
55
66
77
88
154
165
176
187
198
209
220
231
242
253
264
44
55
66
77
88
165
176
187
198
209
220
231
242
253
55
66
77
88
176
187
198
209
220
231
242