400
420
420
440
460
480
500
520
540
560
580
600
620
640
660
680
640
660
680
580
600
620
640
460
480
500
520
540
400
420
440
620
640
660
680
520
540
560
580
600
640
420
440
460
480
640
400
420
440
640
400
420
440
460
640
480
500
520
540
560
580
640
580
600
620
640
660
680
680
400
420
440
460
480
500
520
540
560
580
600
620
640
660
680
420
440
460
480
500
620
640
660
400
500
520
660
680
400
520
680
400
540
680
400
560
680
400
420
440
560
580
600
660
680
420
440
580
600
620
640
660
620
640
660
680
520
540
560
580
640
420
440
460
640
400
420
440
640
400
420
440
460
640
480
500
520
540
560
580
640
580
600
620
640
660
680
680
400
420
440
460
480
500
520
540
560
580
600
620
640
660
680
680
680
680
680
640
660
680
540
560
580
600
620
640
440
460
480
500
640
400
420
440
640
400
420
440
640
460
480
500
520
540
640
560
580
600
620
640
660
660
680