380
380
400
420
440
460
480
380
400
420
440
460
480
500
520
540
560
580
460
480
500
520
540
560
580
600
620
640
660
680
580
600
620
640
660
680
700
620
640
660
680
700
520
540
560
580
600
620
640
660
680
700
400
420
440
460
480
500
520
540
560
580
600
380
400
420
440
460
480
500
380
400
660
680
700
560
580
600
620
640
660
680
700
460
480
500
520
540
560
580
600
620
640
660
380
400
420
440
460
480
500
520
540
620
640
380
400
420
440
620
640
380
400
420
440
460
480
500
520
620
640
420
440
460
480
500
520
540
560
580
600
620
640
520
540
560
580
600
620
640
660
680
700
620
640
660
680
700
380
400
420
440
460
480
500
520
540
560
580
600
620
640
660
680
700
380
400
420
440
460
480
500
520
540
560
580
600
620
640
660
680
700
380
400
420
440
460
480
500
520
540
560
580
600
620
640
660
680
700
420
440
460
480
620
640
660
400
420
440
460
480
500
520
620
640
660
680
400
420
440
460
480
500
520
620
640
660
680
700
380
400
500
520
540
680
700
380
400
520
540
560
680
700
380
400
420
540
560
580
660
680
700
400
420
440
460
560
580
600
620
640
660
680
400
420
440
460
580
600
620
640
660
680
600
620
640
660
680
700
560
580
600
620
640
660
680
700
460
480
500
520
540
560
580
600
620
640
660
380
400
420
440
460
480
500
520
540
620
640
380
400
420
440
620
640
380
400
420
440
460
480
500
520
540
620
640
420
440
460
480
500
520
540
560
580
600
620
640
520
540
560
580
600
620
640
660
680
700
620
640
660
680
700
380
400
420
440
460
480
500
520
540
560
580
600
620
640
660
680
700
380
400
420
440
460
480
500
520
540
560
580
600
620
640
660
680
700
380
400
420
440
460
480
500
520
540
560
580
600
620
640
660
680
700
660
680
700
660
680
700
660
680
700
680
700
580
600
620
640
660
680
700
480
500
520
540
560
580
600
620
640
660
680
700
380
400
420
440
460
480
500
520
540
560
580
620
640
380
400
420
440
460
620
640
380
400
420
440
460
480
500
620
640
400
420
440
460
480
500
520
540
560
580
600
620
640
500
520
540
560
580
600
620
640
660
680
700
600
620
640
660
680
700
700