450
460
450
460
450
460
660
670
680
660
670
680
570
580
570
580
400
400
600
610
620
600
610
620
520
530
600
610
620
400
410
420
630
640
400
410
420
630
640
400
410
420
630
640
630
640
630
480
630
480
560
570
390
400
480
560
570
390
400
430
440
450
640
650
430
440
450
640
650
640
650
520
530
540
520
530
540
520
530
540
680
690
680
690
680
690
580
590
600
430
440
450
580
590
600
430
440
450
580
590
600
640
650
660
640
650
660
550
560
570
640
650
660
550
560
570
400
410
420
400
410
420
630
640
650
660
670
650
660
670
400
410
490
500
510
650
660
670
490
500
510
650
660
670
680
680
680
570
580
590
630
640
650
570
580
590
630
640
650
630
640
650
470
480
400
410
420
400
410
420
400
410
420
540
550
560
540
550
560
660
670
660
670