36
36
36
36
36
48
48
48
48
48
48
48
48
48
48
60
60
60
60
60
60
60
60
60
60
60
60
60
60
60
72
72
72
72
72
72
72
72
72
72
72
72
72
72
72
72
72
72
84
84
84
84
84
84
84
84
84
84
84
84
96
96
96
96
96
96
108
108
108
108
108
108
108
108
108
120
120
120
120
120
120
120
120
120
120
120
120
120
120
120
132
132
132
132
132
132
132
132
132
132
132
132
132
132
132
132
132
144
144
144
144
144
144
144
144
144
144
144
144
156
156
156
156
156
156
156
168
168
168
168
180
180
180
180
180
180
180
192
192
192
192
192
192
192
192
192
192
192
192
204
204
204
204
204
204
204
204
204
204
204
204
204
204
204
204
204
216
216
216
216
216
216
216
216
216
216
216
216
216
216
216
216
216
228
228
228
228
228
228
228
228
228
228
228
228
240
240
240
240
240
240
240
240
240
252
252
252
252
252
252
252
252
252
252
252
252
252
252
252
264
264
264
264
264
264
264
264
264
264
264
264
264
264
264
264
264
276
276
276
276
276
276
276
276
276
276
276
276
276
276
288
288
288
288
288
288
288
288
288
300
300
300
300
336
336
336
336
336
336
336
336
336
336
336
336
336
336
336
336
336
336
336
336
336
348
348
348
348
348
348
348
348
348
348
348
348
348
348
348
348
348
348
348
348
348
360
360
360
360
360
360
360
360
360
360
360
360
360
360
360
360
360
360
360
360
360
372
372
372
372
372
372
372
372
372
372
372
372
372
372
372
372
372
372
372
372
372
408
408
408
408
408
408
408
408
408
408
420
420
420
420
420
420
420
420
420
420
420
420
420
420
432
432
432
432
432
432
432
432
432
432
432
432
432
432
432
444
444
444
444
444
444
444
444
444
444
444
444
444
444
444
444
444
444
456
456
456
456
456
456
456
456
456
456
456
468
468
468
468
468
468
468
468
468
468
480
480
480
480
480
480
480
480
480
480
480
492
492
492
492
492
492
492
492
492
492
492
492
492
492
492
492
504
504
504
504
504
504
504
504
504
504
504
504
504
504
504
504
516
516
516
516
516
516
516
516
516
516
516
516
516
528
528
528
528
528
528
528
528
552
552
552
564
564
564
564
564
564
564
564
576
576
576
576
576
576
576
576
576
576
576
576
576
588
588
588
588
588
588
588
588
588
588
588
588
588
588
588
588
588
588
600
600
600
600
600
600
600
600
600
600
600
600
600
600
600
600
612
612
612
612
612
612
612
612
612
612
624
624
624
624
624
624
624
624
624
624
636
636
636
636
636
636
636
636
636
636
636
636
636
636
636
636
648
648
648
648
648
648
648
648
648
648
648
648
648
648
648
648
648
648
660
660
660
660
660
660
660
660
660
660
660
660
660
672
672
672
672
672
672
672
672
684
684
684
720
720
720
720
720
720
720
720
720
720
720
720
720
720
720
720
720
720
720
720
720
732
732
732
732
732
732
732
732
732
732
732
732
732
732
732
732
732
732
732
732
732
744
744
744
744
744
744
744
744
744
744
744
744
744
744
744
744
744
744
744
744
744
756
756
756
756
756
756
756
756
756
756
756
756
756
756
756
756
756
756
756
756
756
768
768
768
780
780
780
792
792
792
792
804
804
804
804
840
840
840
840
840
852
852
852
852
852
852
852
852
852
852
864
864
864
864
864
864
864
864
864
864
864
864
864
864
864
876
876
876
876
876
876
876
876
876
876
876
876
876
876
876
876
876
888
888
888
888
888
888
888
888
888
888
888
888
888
900
900
900
900
900
900
900
900
912
912
912
912
912
912
912
912
912
912
912
912
912
924
924
924
924
924
924
924
924
924
924
924
924
924
924
924
924
924
936
936
936
936
936
936
936
936
936
936
936
936
936
936
936
936
936
948
948
948
948
948
948
948
948
948
948
948
948
960
960
960
960
960
960
960
972
