330
330
330
341
341
341
341
341
341
341
341
352
352
352
352
352
352
352
352
352
352
352
352
352
363
363
363
363
363
363
363
363
363
363
363
363
363
363
363
363
363
374
374
374
374
374
374
374
374
374
374
374
374
374
374
374
374
374
385
385
385
385
385
385
385
385
385
385
385
385
385
385
385
385
396
396
396
396
396
396
396
396
396
396
396
407
407
407
407
407
407
418
418
418
418
418
418
429
429
429
429
429
429
429
429
429
440
440
440
440
440
440
440
440
440
440
440
440
440
440
440
451
451
451
451
451
451
451
451
451
451
451
451
451
451
451
451
462
462
462
462
462
462
462
462
462
462
462
462
462
462
462
462
462
473
473
473
473
473
473
473
473
473
473
473
473
473
473
484
484
484
484
484
484
484
484
484
495
495
495
495
517
528
528
528
528
528
528
539
539
539
539
539
539
539
539
539
539
539
550
550
550
550
550
550
550
550
550
550
550
550
550
550
550
550
561
561
561
561
561
561
561
561
561
561
561
561
561
561
561
561
572
572
572
572
572
572
572
572
572
572
572
572
572
572
572
572
572
583
583
583
583
583
583
583
583
583
583
583
583
583
583
594
594
594
594
594
594
594
594
594
605
605
605
605
605
605
605
605
605
616
616
616
616
616
616
616
616
616
616
616
627
627
627
627
627
627
627
627
627
627
627
627
627
627
627
627
627
638
638
638
638
638
638
638
638
638
638
638
638
638
638
638
638
638
638
649
649
649
649
649
649
649
649
649
649
649
649
649
649
649
649
660
660
660
660
660
660
660
660
660
660
660
660
660
660
671
671
671
671
671
671
671
671
671
682
682
682
682
748
748
748
748
748
748
748
748
748
748
748
748
748
748
748
748
748
748
748
748
748
748
748
748
748
748
748
748
748
759
759
759
759
759
759
759
759
759
759
759
759
759
759
759
759
759
759
759
759
759
759
759
759
759
759
759
759
759
770
770
770
770
770
770
770
770
770
770
770
770
770
770
770
770
770
770
770
770
770
770
770
770
770
770
770
770
770
781
781
781
781
781
781
781
781
781
781
781
781
781
781
781
781
781
781
781
781
781
781
781
781
781
781
781
781
781
847
847
847
847
847
847
847
847
847
847
847
847
847
858
858
858
858
858
858
858
858
858
858
858
858
858
858
858
858
869
869
869
869
869
869
869
869
869
869
869
869
869
869
869
869
869
869
869
880
880
880
880
880
880
880
880
880
880
880
880
880
880
880
880
880
880
891
891
891
891
891
891
891
891
891
891
891
902
902
902
902
902
902
902
902
902
902
913
913
913
913
913
913
913
913
913
924
924
924
924
924
924
924
924
924
935
935
935
935
935
935
935
935
935
935
946
946
946
946
946
946
946
946
946
946
946
946
957
957
957
957
957
957
957
957
957
957
957
957
957
957
957
957
957
957
957
957
968
968
968
968
968
968
968
968
968
968
968
968
968
968
968
968
968
968
979
979
979
979
979
979
979
979
979
979
979
979
979
979
979
990
990
990
990
990
990
990
990
990
990
990
1045
1045
1045
1045
1045
1056
1056
1056
1056
1056
1056
1056
1056
1056
1056
1067
1067
1067
1067
1067
1067
1067
1067
1067
1067
1067
1067
1067
1067
1067
1078
1078
1078
1078
1078
1078
1078
1078
1078
1078
1078
1078
1078
1078
1078
1078
1089
1089
1089
1089
1089
1089
1089
1089
1089
1089
1089
1089
1089
1089
1089
1089
1089
1100
1100
1100
1100
1100
1100
1100
1100
1100
1100
1100
1100
1100
1100
1100
1111
1111
1111
1111
1111
1111
1111
1111
1111
1122
1122
1122
1122
1122
1122
1122
1122
1122
1133
1133
1133
1133
1133
1133
1133
1133
1133
1133
1144
1144
1144
1144
1144
1144
1144
1144
1144
1144
1144
1144
1144
1144
1144
1144
1155
1155
1155
1155
1155
1155
1155
1155
1155
1155
1155
1155
1155
1155
1155
1155
1155
1155
1166
1166
1166
1166
1166
1166
1166
1166
1166
1166
1166
1166
1166
1166
1166
1166
1177
1177
1177
1177
1177
1177
1177
1177
1177
1177
1177
1177
1177
1177
1177
1188
1188
1188
1188
1188
1188
1188
1188
1188
1188
1199
1199
1199
1199
1199
1265
1265
1265
1265
1265
1265
1265
1265
1265
1265
1265
1265
1265
1265
1265
1265
1265
1265
1265
1265
1265
1265
1265
1265
1265
1265
1265
1265
1265
1276
1276
1276
1276
1276
1276
1276
1276
1276
1276
1276
1276
1276
1276
1276
1276
1276
1276
1276
1276
1276
1276
1276
1276
1276
1276
1276
1276
1276
1287
1287
1287
1287
1287
1287
1287
1287
1287
1287
1287
1287
1287
1287
1287
1287
1287
1287
1287
1287
1287
1287
1287
1287
1287
1287
1287
1287
1287
1298
1298
1298
1298
1298
1298
1298
1298
1298
1298
1298
1298
1298
1298
1298
1298
1298
1298
1298
1298
1298
1298
1298
1298
1298
1298
1298
1298
1298
1309
1309
1309
1320
1320
1320
1331
1331
1331
1342
1342
1342
1353
1353
1353
1364
1364
1364
1430
1430
1430
1430
1430
1441
1441
1441
1441
1441
1441
1441
1441
1441
1441
1452
1452
1452
1452
1452
1452
1452
1452
1452
1452
1452
1452
1452
1452
1452
1463
1463
1463
1463
1463
1463
1463
1463
1463
1463
1463
1463
1463
1463
1463
1463
1474
1474
1474
1474
1474
1474
1474
1474
1474
1474
1474
1474
1474
1474
1474
1474
1474
1485
1485
1485
1485
1485
1485
1485
1485
1485
1485
1485
1485
1485
1485
1485
1496
1496
1496
1496
1496
1496
1496
1496
1496
1507
1507
1507
1507
1507
1507
1507
1507
1507
1518
1518
1518
1518
1518
1518
1518
1518
1518
1518
1529
1529
1529
1529
1529
1529
1529
1529
1529
1529
1529
1529
1529
1529
1529
1529
1540
1540
1540
1540
1540
1540
1540
1540
1540
1540
1540
1540
1540
1540
1540
1540
1540
1540
1551
1551
1551
1551
1551
1551
1551
1551
1551
1551
1551
1551
1551
1551
1551
1551
1562
1562
1562
1562
1562
1562
1562
1562
1562
1562
1562
1562
1562
1562
1562
1573
1573
1573
1573
1573
1573
1573
1573
1573
1573
1584
1584
1584
1584
1584